0.000000000
0.000000000
0.000000000
0.000000000
0.000000000
0.000000000
0.000000000
0.000000000
0.000000000
0.000000000
0.000000000
0.000000000
0.000000000
0.000000000
0.000000000
0.000000000
0.000000000
0.000000000
0.000000000
0.000000000
0.000000000
0.000000000
<<<<<<< HEAD
0.000000001
0.000000002
0.000000003
0.000000006
0.000000013
0.000000024
0.000000046
0.000000086
0.000000158
0.000000285
0.000000506
0.000000885
0.000001522
0.000002578
0.000004295
0.000007044
0.000011367
0.000018052
0.000028213
0.000043391
0.000065674
0.000097818
0.000143376
0.000206811
0.000293565
0.000410082
0.000563733
0.000762625
0.001015277
0.001330128
0.001714897
0.002175796
0.002716651
0.003337991
0.004036193
0.004802799
0.005637218
0.037656242
0.651575819
0.124034083
0.009189453
0.009735903
0.010354940
0.010838137
0.011163420
0.011315545
0.011287279
0.011079970
0.010703444
0.010175225
0.009519193
0.008763786
0.007939973
0.007079161
0.006211267
0.005363079
0.004557049
0.003810560
0.003135664
0.002539252
0.002023567
0.001586957
0.001224752
0.000930179
0.000695218
0.000511341
0.000370114
0.000263631
0.000184796
0.000127475
0.000086535
0.000057809
0.000038004
0.000024587
0.000015654
0.000009808
0.000006047
0.000003669
0.000002191
0.000001287
0.000000744
0.000000424
0.000000237
0.000000131
0.000000071
0.000000038
0.000000020
0.000000010
0.000000005
0.000000003
0.000000001
=======
0.000000000
0.000000000
0.000000000
0.000000000
0.000000000
0.000000000
0.000000000
0.000000000
0.000000000
0.000000000
0.000000000
0.000000000
0.000000000
0.000000000
0.000000000
0.000000000
0.000000000
0.000000000
0.000000000
0.000000000
0.000000000
0.000000000
0.000000000
0.000000000
0.000000000
0.000000000
0.000000000
0.000000000
0.000000000
0.000000001
0.000000011
0.000000070
0.000000404
0.000002055
0.000009211
0.000046382
0.003267252
0.111772830
0.448405629
0.205971547
0.015699780
0.009697304
0.015678809
0.022476241
0.028388271
0.031590591
0.030972773
0.026755063
0.020362702
0.013654266
0.008066866
0.004198990
0.001925699
0.000778100
0.000277004
0.000086884
0.000024010
0.000005846
0.000001254
0.000000237
0.000000039
0.000000006
>>>>>>> fb16712056e3361670c18ba94c9450ecde0546f6
0.000000001
0.000000000
0.000000000
0.000000000
0.000000000
0.000000000
0.000000000
0.000000000
<<<<<<< HEAD
=======
0.000000000
0.000000000
0.000000000
0.000000000
0.000000000
0.000000000
0.000000000
0.000000000
0.000000000
0.000000000
0.000000000
0.000000000
0.000000000
0.000000000
0.000000000
0.000000000
0.000000000
0.000000000
0.000000000
0.000000000
0.000000000
0.000000000
0.000000000
0.000000000
0.000000000
0.000000000
0.000000000
0.000000000
0.000000000
>>>>>>> fb16712056e3361670c18ba94c9450ecde0546f6
