0.000000
0.000000
0.000000
0.000000
0.000000
0.000000
0.000000
0.000000
0.000000
0.000000
0.000000
0.000000
0.000000
0.000000
0.000000
0.000000
0.000001
0.000001
0.000002
0.000003
0.000004
0.000006
0.000009
0.000014
0.000020
0.000028
0.000040
0.000056
0.000078
0.000108
0.000146
0.000196
0.000261
0.000343
0.000447
0.000575
0.000731
0.000921
0.001147
0.001413
0.001722
0.002076
0.002475
0.002920
0.003408
0.003934
0.004492
0.005074
0.005670
0.006267
0.006852
0.007412
0.007930
0.008393
0.008788
0.009101
0.009325
0.009452
0.010834
0.092130
0.462919
0.233137
0.018569
0.008194
0.007659
0.007117
0.006542
0.005949
0.005351
0.004761
0.004190
0.003648
0.003142
0.002677
0.002256
0.001881
0.001551
0.001266
0.001021
0.000815
0.000644
0.000503
0.000389
0.000297
0.000225
0.000168
0.000124
0.000091
0.000066
0.000047
0.000033
0.000023
0.000016
0.000011
0.000008
0.000005
0.000003
0.000002
0.000001
0.000001
0.000001
0.000000
0.000000
0.000000
0.000000
0.000000
0.000000
0.000000
0.000000
0.000000
0.000000
0.000000
0.000000
0.000000
0.000000
0.000000
0.000000
0.000000
0.000000
0.000000
0.000000
