0.000000000 0.000000000 0.000000000 0.000000000 0.000000000 0.000000000 0.000000000 0.000000000 0.000000000 0.000000000 0.000000000 0.000000000 0.000000000 0.000000000 0.000000000 0.000000000 0.000000000 0.000000000 0.000000000 0.000000000 0.000000000 
0.000000000 0.010391633 0.000000000 0.051437020 0.834009017 0.068588454 0.016185805 0.017860905 0.000097401 0.000567953 0.000008745 0.000413828 0.000014220 0.000400655 0.000000627 0.000021248 0.000000071 0.000002381 0.000000004 0.000000032 0.000000000 
0.000000000 0.000655217 0.000000000 0.017877557 0.697711643 0.127089314 0.115467117 0.038774887 0.001430767 0.000358400 0.000009183 0.000272867 0.000013292 0.000316174 0.000000665 0.000020087 0.000000085 0.000002697 0.000000006 0.000000043 0.000000000 
0.000000000 0.000091134 0.000000000 0.003858573 0.228770279 0.151202313 0.330659182 0.245937978 0.034938962 0.002663375 0.000461761 0.000589418 0.000047776 0.000713630 0.000002129 0.000054260 0.000000309 0.000008728 0.000000024 0.000000168 0.000000000 
0.000000000 0.000081115 0.000000000 0.000919953 0.021336186 0.055939735 0.185843606 0.501554816 0.171504561 0.028956813 0.019328669 0.007508114 0.004117852 0.002642345 0.000013116 0.000209928 0.000001696 0.000040412 0.000000151 0.000000932 0.000000000 
0.000000000 0.000095428 0.000000000 0.001058849 0.020852299 0.017246778 0.022413706 0.239954677 0.124649792 0.076364660 0.122692061 0.105559705 0.222896905 0.043525709 0.001461921 0.001005163 0.000013512 0.000202186 0.000001067 0.000005582 0.000000000 
0.000000000 0.000034584 0.000000000 0.000458891 0.019651477 0.007312670 0.008069568 0.027253122 0.005538053 0.013458687 0.032849731 0.102550856 0.521216342 0.225430480 0.029151218 0.006099472 0.000554801 0.000356628 0.000003133 0.000010289 0.000000000 
0.000000000 0.000019604 0.000000000 0.000311624 0.030768956 0.005938539 0.014250146 0.021652698 0.003736126 0.002864294 0.002734797 0.033867048 0.261493653 0.410375602 0.127731634 0.059195240 0.020729911 0.004055080 0.000241045 0.000034005 0.000000000 
0.000000000 0.000016184 0.000000000 0.000308181 0.074050220 0.007035445 0.038924967 0.030676588 0.011510173 0.003970129 0.003218703 0.012574292 0.037979201 0.236434569 0.111797729 0.187995331 0.158463989 0.068657079 0.015712659 0.000674559 0.000000000 
0.000000000 0.000010103 0.000000000 0.000230455 0.142227388 0.006302421 0.084855811 0.032919921 0.028479381 0.005094944 0.008982165 0.015787393 0.040489400 0.079516437 0.014708128 0.098110669 0.125633318 0.197508293 0.108798417 0.010345358 0.000000000 
0.000000000 0.000000000 0.000000000 0.000000000 0.000000000 0.000000000 0.000000000 0.000000000 0.000000000 0.000000000 0.000000000 0.000000000 0.000000000 0.000000000 0.000000000 0.000000000 0.000000000 0.000000000 0.000000000 0.000000000 0.000000000 
