0.58807 0.38166 0.11798 0.05628 0.02491 0.02051 0.00812 0.00197 0.00173 0.00683 0.00752 0.02916 0.00375 0.02209 0.01033 0.00499 0.00478 0.00234 0.00020 0.00086 0.00485 0.01798 0.00599 0.00902 0.00604 0.00824 0.00657 0.00517 0.00069 0.00052 0.00003 0.00000 0.00055 0.00000 0.00000 0.00000 0.00000 0.00000 0.00000 0.00000 0.00000 0.00000 0.00000 0.00000 0.00461 0.00004 0.00069 0.00000 0.00000 0.00000 0.00000 0.00000 0.00000 0.00000 0.00000 0.00000 0.00000 0.00000 0.00000 0.00000 0.00000 0.00000 0.00000 0.00000 0.00000 0.00000 0.00000 0.00000 0.00000 0.00000 0.00000 0.00000 
0.12493 0.25366 0.58807 0.38166 0.11798 0.05628 0.02491 0.02051 0.00812 0.00197 0.00173 0.00683 0.00752 0.02916 0.00375 0.02209 0.01033 0.00499 0.00478 0.00234 0.00020 0.00086 0.00485 0.01798 0.00599 0.00902 0.00604 0.00824 0.00657 0.00517 0.00069 0.00052 0.00003 0.00000 0.00055 0.00000 0.00000 0.00000 0.00000 0.00000 0.00000 0.00000 0.00000 0.00000 0.00000 0.00000 0.00461 0.00004 0.00069 0.00000 0.00000 0.00000 0.00000 0.00000 0.00000 0.00000 0.00000 0.00000 0.00000 0.00000 0.00000 0.00000 0.00000 0.00000 0.00000 0.00000 0.00000 0.00000 0.00000 0.00000 0.00000 0.00000 
0.01692 0.01405 0.12493 0.25366 0.58807 0.38166 0.11798 0.05628 0.02491 0.02051 0.00812 0.00197 0.00173 0.00683 0.00752 0.02916 0.00375 0.02209 0.01033 0.00499 0.00478 0.00234 0.00020 0.00086 0.00485 0.01798 0.00599 0.00902 0.00604 0.00824 0.00657 0.00517 0.00069 0.00052 0.00003 0.00000 0.00055 0.00000 0.00000 0.00000 0.00000 0.00000 0.00000 0.00000 0.00000 0.00000 0.00000 0.00000 0.00461 0.00004 0.00069 0.00000 0.00000 0.00000 0.00000 0.00000 0.00000 0.00000 0.00000 0.00000 0.00000 0.00000 0.00000 0.00000 0.00000 0.00000 0.00000 0.00000 0.00000 0.00000 0.00000 0.00000 
0.02944 0.00810 0.01692 0.01405 0.12493 0.25366 0.58807 0.38166 0.11798 0.05628 0.02491 0.02051 0.00812 0.00197 0.00173 0.00683 0.00752 0.02916 0.00375 0.02209 0.01033 0.00499 0.00478 0.00234 0.00020 0.00086 0.00485 0.01798 0.00599 0.00902 0.00604 0.00824 0.00657 0.00517 0.00069 0.00052 0.00003 0.00000 0.00055 0.00000 0.00000 0.00000 0.00000 0.00000 0.00000 0.00000 0.00000 0.00000 0.00000 0.00000 0.00461 0.00004 0.00069 0.00000 0.00000 0.00000 0.00000 0.00000 0.00000 0.00000 0.00000 0.00000 0.00000 0.00000 0.00000 0.00000 0.00000 0.00000 0.00000 0.00000 0.00000 0.00000 
0.04349 0.02514 0.02944 0.00810 0.01692 0.01405 0.12493 0.25366 0.58807 0.38166 0.11798 0.05628 0.02491 0.02051 0.00812 0.00197 0.00173 0.00683 0.00752 0.02916 0.00375 0.02209 0.01033 0.00499 0.00478 0.00234 0.00020 0.00086 0.00485 0.01798 0.00599 0.00902 0.00604 0.00824 0.00657 0.00517 0.00069 0.00052 0.00003 0.00000 0.00055 0.00000 0.00000 0.00000 0.00000 0.00000 0.00000 0.00000 0.00000 0.00000 0.00000 0.00000 0.00461 0.00004 0.00069 0.00000 0.00000 0.00000 0.00000 0.00000 0.00000 0.00000 0.00000 0.00000 0.00000 0.00000 0.00000 0.00000 0.00000 0.00000 0.00000 0.00000 
0.01019 0.00178 0.04349 0.02514 0.02944 0.00810 0.01692 0.01405 0.12493 0.25366 0.58807 0.38166 0.11798 0.05628 0.02491 0.02051 0.00812 0.00197 0.00173 0.00683 0.00752 0.02916 0.00375 0.02209 0.01033 0.00499 0.00478 0.00234 0.00020 0.00086 0.00485 0.01798 0.00599 0.00902 0.00604 0.00824 0.00657 0.00517 0.00069 0.00052 0.00003 0.00000 0.00055 0.00000 0.00000 0.00000 0.00000 0.00000 0.00000 0.00000 0.00000 0.00000 0.00000 0.00000 0.00461 0.00004 0.00069 0.00000 0.00000 0.00000 0.00000 0.00000 0.00000 0.00000 0.00000 0.00000 0.00000 0.00000 0.00000 0.00000 0.00000 0.00000 
0.00172 0.00184 0.01019 0.00178 0.04349 0.02514 0.02944 0.00810 0.01692 0.01405 0.12493 0.25366 0.58807 0.38166 0.11798 0.05628 0.02491 0.02051 0.00812 0.00197 0.00173 0.00683 0.00752 0.02916 0.00375 0.02209 0.01033 0.00499 0.00478 0.00234 0.00020 0.00086 0.00485 0.01798 0.00599 0.00902 0.00604 0.00824 0.00657 0.00517 0.00069 0.00052 0.00003 0.00000 0.00055 0.00000 0.00000 0.00000 0.00000 0.00000 0.00000 0.00000 0.00000 0.00000 0.00000 0.00000 0.00461 0.00004 0.00069 0.00000 0.00000 0.00000 0.00000 0.00000 0.00000 0.00000 0.00000 0.00000 0.00000 0.00000 0.00000 0.00000 
0.00397 0.00552 0.00172 0.00184 0.01019 0.00178 0.04349 0.02514 0.02944 0.00810 0.01692 0.01405 0.12493 0.25366 0.58807 0.38166 0.11798 0.05628 0.02491 0.02051 0.00812 0.00197 0.00173 0.00683 0.00752 0.02916 0.00375 0.02209 0.01033 0.00499 0.00478 0.00234 0.00020 0.00086 0.00485 0.01798 0.00599 0.00902 0.00604 0.00824 0.00657 0.00517 0.00069 0.00052 0.00003 0.00000 0.00055 0.00000 0.00000 0.00000 0.00000 0.00000 0.00000 0.00000 0.00000 0.00000 0.00000 0.00000 0.00461 0.00004 0.00069 0.00000 0.00000 0.00000 0.00000 0.00000 0.00000 0.00000 0.00000 0.00000 0.00000 0.00000 
0.01464 0.00322 0.00397 0.00552 0.00172 0.00184 0.01019 0.00178 0.04349 0.02514 0.02944 0.00810 0.01692 0.01405 0.12493 0.25366 0.58807 0.38166 0.11798 0.05628 0.02491 0.02051 0.00812 0.00197 0.00173 0.00683 0.00752 0.02916 0.00375 0.02209 0.01033 0.00499 0.00478 0.00234 0.00020 0.00086 0.00485 0.01798 0.00599 0.00902 0.00604 0.00824 0.00657 0.00517 0.00069 0.00052 0.00003 0.00000 0.00055 0.00000 0.00000 0.00000 0.00000 0.00000 0.00000 0.00000 0.00000 0.00000 0.00000 0.00000 0.00461 0.00004 0.00069 0.00000 0.00000 0.00000 0.00000 0.00000 0.00000 0.00000 0.00000 0.00000 
0.00335 0.01092 0.01464 0.00322 0.00397 0.00552 0.00172 0.00184 0.01019 0.00178 0.04349 0.02514 0.02944 0.00810 0.01692 0.01405 0.12493 0.25366 0.58807 0.38166 0.11798 0.05628 0.02491 0.02051 0.00812 0.00197 0.00173 0.00683 0.00752 0.02916 0.00375 0.02209 0.01033 0.00499 0.00478 0.00234 0.00020 0.00086 0.00485 0.01798 0.00599 0.00902 0.00604 0.00824 0.00657 0.00517 0.00069 0.00052 0.00003 0.00000 0.00055 0.00000 0.00000 0.00000 0.00000 0.00000 0.00000 0.00000 0.00000 0.00000 0.00000 0.00000 0.00461 0.00004 0.00069 0.00000 0.00000 0.00000 0.00000 0.00000 0.00000 0.00000 
0.01044 0.01204 0.00335 0.01092 0.01464 0.00322 0.00397 0.00552 0.00172 0.00184 0.01019 0.00178 0.04349 0.02514 0.02944 0.00810 0.01692 0.01405 0.12493 0.25366 0.58807 0.38166 0.11798 0.05628 0.02491 0.02051 0.00812 0.00197 0.00173 0.00683 0.00752 0.02916 0.00375 0.02209 0.01033 0.00499 0.00478 0.00234 0.00020 0.00086 0.00485 0.01798 0.00599 0.00902 0.00604 0.00824 0.00657 0.00517 0.00069 0.00052 0.00003 0.00000 0.00055 0.00000 0.00000 0.00000 0.00000 0.00000 0.00000 0.00000 0.00000 0.00000 0.00000 0.00000 0.00461 0.00004 0.00069 0.00000 0.00000 0.00000 0.00000 0.00000 
0.00099 0.02327 0.01044 0.01204 0.00335 0.01092 0.01464 0.00322 0.00397 0.00552 0.00172 0.00184 0.01019 0.00178 0.04349 0.02514 0.02944 0.00810 0.01692 0.01405 0.12493 0.25366 0.58807 0.38166 0.11798 0.05628 0.02491 0.02051 0.00812 0.00197 0.00173 0.00683 0.00752 0.02916 0.00375 0.02209 0.01033 0.00499 0.00478 0.00234 0.00020 0.00086 0.00485 0.01798 0.00599 0.00902 0.00604 0.00824 0.00657 0.00517 0.00069 0.00052 0.00003 0.00000 0.00055 0.00000 0.00000 0.00000 0.00000 0.00000 0.00000 0.00000 0.00000 0.00000 0.00000 0.00000 0.00461 0.00004 0.00069 0.00000 0.00000 0.00000 
0.00284 0.00066 0.00099 0.02327 0.01044 0.01204 0.00335 0.01092 0.01464 0.00322 0.00397 0.00552 0.00172 0.00184 0.01019 0.00178 0.04349 0.02514 0.02944 0.00810 0.01692 0.01405 0.12493 0.25366 0.58807 0.38166 0.11798 0.05628 0.02491 0.02051 0.00812 0.00197 0.00173 0.00683 0.00752 0.02916 0.00375 0.02209 0.01033 0.00499 0.00478 0.00234 0.00020 0.00086 0.00485 0.01798 0.00599 0.00902 0.00604 0.00824 0.00657 0.00517 0.00069 0.00052 0.00003 0.00000 0.00055 0.00000 0.00000 0.00000 0.00000 0.00000 0.00000 0.00000 0.00000 0.00000 0.00000 0.00000 0.00461 0.00004 0.00069 0.00000 
0.00391 0.00013 0.00284 0.00066 0.00099 0.02327 0.01044 0.01204 0.00335 0.01092 0.01464 0.00322 0.00397 0.00552 0.00172 0.00184 0.01019 0.00178 0.04349 0.02514 0.02944 0.00810 0.01692 0.01405 0.12493 0.25366 0.58807 0.38166 0.11798 0.05628 0.02491 0.02051 0.00812 0.00197 0.00173 0.00683 0.00752 0.02916 0.00375 0.02209 0.01033 0.00499 0.00478 0.00234 0.00020 0.00086 0.00485 0.01798 0.00599 0.00902 0.00604 0.00824 0.00657 0.00517 0.00069 0.00052 0.00003 0.00000 0.00055 0.00000 0.00000 0.00000 0.00000 0.00000 0.00000 0.00000 0.00000 0.00000 0.00000 0.00000 0.00461 0.00004 
0.00030 0.00001 0.00391 0.00013 0.00284 0.00066 0.00099 0.02327 0.01044 0.01204 0.00335 0.01092 0.01464 0.00322 0.00397 0.00552 0.00172 0.00184 0.01019 0.00178 0.04349 0.02514 0.02944 0.00810 0.01692 0.01405 0.12493 0.25366 0.58807 0.38166 0.11798 0.05628 0.02491 0.02051 0.00812 0.00197 0.00173 0.00683 0.00752 0.02916 0.00375 0.02209 0.01033 0.00499 0.00478 0.00234 0.00020 0.00086 0.00485 0.01798 0.00599 0.00902 0.00604 0.00824 0.00657 0.00517 0.00069 0.00052 0.00003 0.00000 0.00055 0.00000 0.00000 0.00000 0.00000 0.00000 0.00000 0.00000 0.00000 0.00000 0.00000 0.00000 
0.00080 0.00074 0.00030 0.00001 0.00391 0.00013 0.00284 0.00066 0.00099 0.02327 0.01044 0.01204 0.00335 0.01092 0.01464 0.00322 0.00397 0.00552 0.00172 0.00184 0.01019 0.00178 0.04349 0.02514 0.02944 0.00810 0.01692 0.01405 0.12493 0.25366 0.58807 0.38166 0.11798 0.05628 0.02491 0.02051 0.00812 0.00197 0.00173 0.00683 0.00752 0.02916 0.00375 0.02209 0.01033 0.00499 0.00478 0.00234 0.00020 0.00086 0.00485 0.01798 0.00599 0.00902 0.00604 0.00824 0.00657 0.00517 0.00069 0.00052 0.00003 0.00000 0.00055 0.00000 0.00000 0.00000 0.00000 0.00000 0.00000 0.00000 0.00000 0.00000 
0.01816 0.00174 0.00080 0.00074 0.00030 0.00001 0.00391 0.00013 0.00284 0.00066 0.00099 0.02327 0.01044 0.01204 0.00335 0.01092 0.01464 0.00322 0.00397 0.00552 0.00172 0.00184 0.01019 0.00178 0.04349 0.02514 0.02944 0.00810 0.01692 0.01405 0.12493 0.25366 0.58807 0.38166 0.11798 0.05628 0.02491 0.02051 0.00812 0.00197 0.00173 0.00683 0.00752 0.02916 0.00375 0.02209 0.01033 0.00499 0.00478 0.00234 0.00020 0.00086 0.00485 0.01798 0.00599 0.00902 0.00604 0.00824 0.00657 0.00517 0.00069 0.00052 0.00003 0.00000 0.00055 0.00000 0.00000 0.00000 0.00000 0.00000 0.00000 0.00000 
0.00085 0.00229 0.01816 0.00174 0.00080 0.00074 0.00030 0.00001 0.00391 0.00013 0.00284 0.00066 0.00099 0.02327 0.01044 0.01204 0.00335 0.01092 0.01464 0.00322 0.00397 0.00552 0.00172 0.00184 0.01019 0.00178 0.04349 0.02514 0.02944 0.00810 0.01692 0.01405 0.12493 0.25366 0.58807 0.38166 0.11798 0.05628 0.02491 0.02051 0.00812 0.00197 0.00173 0.00683 0.00752 0.02916 0.00375 0.02209 0.01033 0.00499 0.00478 0.00234 0.00020 0.00086 0.00485 0.01798 0.00599 0.00902 0.00604 0.00824 0.00657 0.00517 0.00069 0.00052 0.00003 0.00000 0.00055 0.00000 0.00000 0.00000 0.00000 0.00000 
0.00000 0.00000 0.00085 0.00229 0.01816 0.00174 0.00080 0.00074 0.00030 0.00001 0.00391 0.00013 0.00284 0.00066 0.00099 0.02327 0.01044 0.01204 0.00335 0.01092 0.01464 0.00322 0.00397 0.00552 0.00172 0.00184 0.01019 0.00178 0.04349 0.02514 0.02944 0.00810 0.01692 0.01405 0.12493 0.25366 0.58807 0.38166 0.11798 0.05628 0.02491 0.02051 0.00812 0.00197 0.00173 0.00683 0.00752 0.02916 0.00375 0.02209 0.01033 0.00499 0.00478 0.00234 0.00020 0.00086 0.00485 0.01798 0.00599 0.00902 0.00604 0.00824 0.00657 0.00517 0.00069 0.00052 0.00003 0.00000 0.00055 0.00000 0.00000 0.00000 
0.00000 0.00000 0.00000 0.00000 0.00085 0.00229 0.01816 0.00174 0.00080 0.00074 0.00030 0.00001 0.00391 0.00013 0.00284 0.00066 0.00099 0.02327 0.01044 0.01204 0.00335 0.01092 0.01464 0.00322 0.00397 0.00552 0.00172 0.00184 0.01019 0.00178 0.04349 0.02514 0.02944 0.00810 0.01692 0.01405 0.12493 0.25366 0.58807 0.38166 0.11798 0.05628 0.02491 0.02051 0.00812 0.00197 0.00173 0.00683 0.00752 0.02916 0.00375 0.02209 0.01033 0.00499 0.00478 0.00234 0.00020 0.00086 0.00485 0.01798 0.00599 0.00902 0.00604 0.00824 0.00657 0.00517 0.00069 0.00052 0.00003 0.00000 0.00055 0.00000 
0.00000 0.00000 0.00000 0.00000 0.00000 0.00000 0.00085 0.00229 0.01816 0.00174 0.00080 0.00074 0.00030 0.00001 0.00391 0.00013 0.00284 0.00066 0.00099 0.02327 0.01044 0.01204 0.00335 0.01092 0.01464 0.00322 0.00397 0.00552 0.00172 0.00184 0.01019 0.00178 0.04349 0.02514 0.02944 0.00810 0.01692 0.01405 0.12493 0.25366 0.58807 0.38166 0.11798 0.05628 0.02491 0.02051 0.00812 0.00197 0.00173 0.00683 0.00752 0.02916 0.00375 0.02209 0.01033 0.00499 0.00478 0.00234 0.00020 0.00086 0.00485 0.01798 0.00599 0.00902 0.00604 0.00824 0.00657 0.00517 0.00069 0.00052 0.00003 0.00000 
0.00000 0.00000 0.00000 0.00000 0.00000 0.00000 0.00000 0.00000 0.00085 0.00229 0.01816 0.00174 0.00080 0.00074 0.00030 0.00001 0.00391 0.00013 0.00284 0.00066 0.00099 0.02327 0.01044 0.01204 0.00335 0.01092 0.01464 0.00322 0.00397 0.00552 0.00172 0.00184 0.01019 0.00178 0.04349 0.02514 0.02944 0.00810 0.01692 0.01405 0.12493 0.25366 0.58807 0.38166 0.11798 0.05628 0.02491 0.02051 0.00812 0.00197 0.00173 0.00683 0.00752 0.02916 0.00375 0.02209 0.01033 0.00499 0.00478 0.00234 0.00020 0.00086 0.00485 0.01798 0.00599 0.00902 0.00604 0.00824 0.00657 0.00517 0.00069 0.00052 
0.00020 0.00000 0.00000 0.00000 0.00000 0.00000 0.00000 0.00000 0.00000 0.00000 0.00085 0.00229 0.01816 0.00174 0.00080 0.00074 0.00030 0.00001 0.00391 0.00013 0.00284 0.00066 0.00099 0.02327 0.01044 0.01204 0.00335 0.01092 0.01464 0.00322 0.00397 0.00552 0.00172 0.00184 0.01019 0.00178 0.04349 0.02514 0.02944 0.00810 0.01692 0.01405 0.12493 0.25366 0.58807 0.38166 0.11798 0.05628 0.02491 0.02051 0.00812 0.00197 0.00173 0.00683 0.00752 0.02916 0.00375 0.02209 0.01033 0.00499 0.00478 0.00234 0.00020 0.00086 0.00485 0.01798 0.00599 0.00902 0.00604 0.00824 0.00657 0.00517 
0.00031 0.00019 0.00020 0.00000 0.00000 0.00000 0.00000 0.00000 0.00000 0.00000 0.00000 0.00000 0.00085 0.00229 0.01816 0.00174 0.00080 0.00074 0.00030 0.00001 0.00391 0.00013 0.00284 0.00066 0.00099 0.02327 0.01044 0.01204 0.00335 0.01092 0.01464 0.00322 0.00397 0.00552 0.00172 0.00184 0.01019 0.00178 0.04349 0.02514 0.02944 0.00810 0.01692 0.01405 0.12493 0.25366 0.58807 0.38166 0.11798 0.05628 0.02491 0.02051 0.00812 0.00197 0.00173 0.00683 0.00752 0.02916 0.00375 0.02209 0.01033 0.00499 0.00478 0.00234 0.00020 0.00086 0.00485 0.01798 0.00599 0.00902 0.00604 0.00824 
0.00000 0.00000 0.00031 0.00019 0.00020 0.00000 0.00000 0.00000 0.00000 0.00000 0.00000 0.00000 0.00000 0.00000 0.00085 0.00229 0.01816 0.00174 0.00080 0.00074 0.00030 0.00001 0.00391 0.00013 0.00284 0.00066 0.00099 0.02327 0.01044 0.01204 0.00335 0.01092 0.01464 0.00322 0.00397 0.00552 0.00172 0.00184 0.01019 0.00178 0.04349 0.02514 0.02944 0.00810 0.01692 0.01405 0.12493 0.25366 0.58807 0.38166 0.11798 0.05628 0.02491 0.02051 0.00812 0.00197 0.00173 0.00683 0.00752 0.02916 0.00375 0.02209 0.01033 0.00499 0.00478 0.00234 0.00020 0.00086 0.00485 0.01798 0.00599 0.00902 
0.00000 0.00000 0.00000 0.00000 0.00031 0.00019 0.00020 0.00000 0.00000 0.00000 0.00000 0.00000 0.00000 0.00000 0.00000 0.00000 0.00085 0.00229 0.01816 0.00174 0.00080 0.00074 0.00030 0.00001 0.00391 0.00013 0.00284 0.00066 0.00099 0.02327 0.01044 0.01204 0.00335 0.01092 0.01464 0.00322 0.00397 0.00552 0.00172 0.00184 0.01019 0.00178 0.04349 0.02514 0.02944 0.00810 0.01692 0.01405 0.12493 0.25366 0.58807 0.38166 0.11798 0.05628 0.02491 0.02051 0.00812 0.00197 0.00173 0.00683 0.00752 0.02916 0.00375 0.02209 0.01033 0.00499 0.00478 0.00234 0.00020 0.00086 0.00485 0.01798 
0.00000 0.00000 0.00000 0.00000 0.00000 0.00000 0.00031 0.00019 0.00020 0.00000 0.00000 0.00000 0.00000 0.00000 0.00000 0.00000 0.00000 0.00000 0.00085 0.00229 0.01816 0.00174 0.00080 0.00074 0.00030 0.00001 0.00391 0.00013 0.00284 0.00066 0.00099 0.02327 0.01044 0.01204 0.00335 0.01092 0.01464 0.00322 0.00397 0.00552 0.00172 0.00184 0.01019 0.00178 0.04349 0.02514 0.02944 0.00810 0.01692 0.01405 0.12493 0.25366 0.58807 0.38166 0.11798 0.05628 0.02491 0.02051 0.00812 0.00197 0.00173 0.00683 0.00752 0.02916 0.00375 0.02209 0.01033 0.00499 0.00478 0.00234 0.00020 0.00086 
0.00000 0.00000 0.00000 0.00000 0.00000 0.00000 0.00000 0.00000 0.00031 0.00019 0.00020 0.00000 0.00000 0.00000 0.00000 0.00000 0.00000 0.00000 0.00000 0.00000 0.00085 0.00229 0.01816 0.00174 0.00080 0.00074 0.00030 0.00001 0.00391 0.00013 0.00284 0.00066 0.00099 0.02327 0.01044 0.01204 0.00335 0.01092 0.01464 0.00322 0.00397 0.00552 0.00172 0.00184 0.01019 0.00178 0.04349 0.02514 0.02944 0.00810 0.01692 0.01405 0.12493 0.25366 0.58807 0.38166 0.11798 0.05628 0.02491 0.02051 0.00812 0.00197 0.00173 0.00683 0.00752 0.02916 0.00375 0.02209 0.01033 0.00499 0.00478 0.00234 
0.00000 0.00000 0.00000 0.00000 0.00000 0.00000 0.00000 0.00000 0.00000 0.00000 0.00031 0.00019 0.00020 0.00000 0.00000 0.00000 0.00000 0.00000 0.00000 0.00000 0.00000 0.00000 0.00085 0.00229 0.01816 0.00174 0.00080 0.00074 0.00030 0.00001 0.00391 0.00013 0.00284 0.00066 0.00099 0.02327 0.01044 0.01204 0.00335 0.01092 0.01464 0.00322 0.00397 0.00552 0.00172 0.00184 0.01019 0.00178 0.04349 0.02514 0.02944 0.00810 0.01692 0.01405 0.12493 0.25366 0.58807 0.38166 0.11798 0.05628 0.02491 0.02051 0.00812 0.00197 0.00173 0.00683 0.00752 0.02916 0.00375 0.02209 0.01033 0.00499 
0.00000 0.00000 0.00000 0.00000 0.00000 0.00000 0.00000 0.00000 0.00000 0.00000 0.00000 0.00000 0.00031 0.00019 0.00020 0.00000 0.00000 0.00000 0.00000 0.00000 0.00000 0.00000 0.00000 0.00000 0.00085 0.00229 0.01816 0.00174 0.00080 0.00074 0.00030 0.00001 0.00391 0.00013 0.00284 0.00066 0.00099 0.02327 0.01044 0.01204 0.00335 0.01092 0.01464 0.00322 0.00397 0.00552 0.00172 0.00184 0.01019 0.00178 0.04349 0.02514 0.02944 0.00810 0.01692 0.01405 0.12493 0.25366 0.58807 0.38166 0.11798 0.05628 0.02491 0.02051 0.00812 0.00197 0.00173 0.00683 0.00752 0.02916 0.00375 0.02209 
0.00000 0.00000 0.00000 0.00000 0.00000 0.00000 0.00000 0.00000 0.00000 0.00000 0.00000 0.00000 0.00000 0.00000 0.00031 0.00019 0.00020 0.00000 0.00000 0.00000 0.00000 0.00000 0.00000 0.00000 0.00000 0.00000 0.00085 0.00229 0.01816 0.00174 0.00080 0.00074 0.00030 0.00001 0.00391 0.00013 0.00284 0.00066 0.00099 0.02327 0.01044 0.01204 0.00335 0.01092 0.01464 0.00322 0.00397 0.00552 0.00172 0.00184 0.01019 0.00178 0.04349 0.02514 0.02944 0.00810 0.01692 0.01405 0.12493 0.25366 0.58807 0.38166 0.11798 0.05628 0.02491 0.02051 0.00812 0.00197 0.00173 0.00683 0.00752 0.02916 
0.00000 0.00000 0.00000 0.00000 0.00000 0.00000 0.00000 0.00000 0.00000 0.00000 0.00000 0.00000 0.00000 0.00000 0.00000 0.00000 0.00031 0.00019 0.00020 0.00000 0.00000 0.00000 0.00000 0.00000 0.00000 0.00000 0.00000 0.00000 0.00085 0.00229 0.01816 0.00174 0.00080 0.00074 0.00030 0.00001 0.00391 0.00013 0.00284 0.00066 0.00099 0.02327 0.01044 0.01204 0.00335 0.01092 0.01464 0.00322 0.00397 0.00552 0.00172 0.00184 0.01019 0.00178 0.04349 0.02514 0.02944 0.00810 0.01692 0.01405 0.12493 0.25366 0.58807 0.38166 0.11798 0.05628 0.02491 0.02051 0.00812 0.00197 0.00173 0.00683 
0.00000 0.00000 0.00000 0.00000 0.00000 0.00000 0.00000 0.00000 0.00000 0.00000 0.00000 0.00000 0.00000 0.00000 0.00000 0.00000 0.00000 0.00000 0.00031 0.00019 0.00020 0.00000 0.00000 0.00000 0.00000 0.00000 0.00000 0.00000 0.00000 0.00000 0.00085 0.00229 0.01816 0.00174 0.00080 0.00074 0.00030 0.00001 0.00391 0.00013 0.00284 0.00066 0.00099 0.02327 0.01044 0.01204 0.00335 0.01092 0.01464 0.00322 0.00397 0.00552 0.00172 0.00184 0.01019 0.00178 0.04349 0.02514 0.02944 0.00810 0.01692 0.01405 0.12493 0.25366 0.58807 0.38166 0.11798 0.05628 0.02491 0.02051 0.00812 0.00197 
0.00000 0.00000 0.00000 0.00000 0.00000 0.00000 0.00000 0.00000 0.00000 0.00000 0.00000 0.00000 0.00000 0.00000 0.00000 0.00000 0.00000 0.00000 0.00000 0.00000 0.00031 0.00019 0.00020 0.00000 0.00000 0.00000 0.00000 0.00000 0.00000 0.00000 0.00000 0.00000 0.00085 0.00229 0.01816 0.00174 0.00080 0.00074 0.00030 0.00001 0.00391 0.00013 0.00284 0.00066 0.00099 0.02327 0.01044 0.01204 0.00335 0.01092 0.01464 0.00322 0.00397 0.00552 0.00172 0.00184 0.01019 0.00178 0.04349 0.02514 0.02944 0.00810 0.01692 0.01405 0.12493 0.25366 0.58807 0.38166 0.11798 0.05628 0.02491 0.02051 
0.00000 0.00000 0.00000 0.00000 0.00000 0.00000 0.00000 0.00000 0.00000 0.00000 0.00000 0.00000 0.00000 0.00000 0.00000 0.00000 0.00000 0.00000 0.00000 0.00000 0.00000 0.00000 0.00031 0.00019 0.00020 0.00000 0.00000 0.00000 0.00000 0.00000 0.00000 0.00000 0.00000 0.00000 0.00085 0.00229 0.01816 0.00174 0.00080 0.00074 0.00030 0.00001 0.00391 0.00013 0.00284 0.00066 0.00099 0.02327 0.01044 0.01204 0.00335 0.01092 0.01464 0.00322 0.00397 0.00552 0.00172 0.00184 0.01019 0.00178 0.04349 0.02514 0.02944 0.00810 0.01692 0.01405 0.12493 0.25366 0.58807 0.38166 0.11798 0.05628 
0.00000 0.00000 0.00000 0.00000 0.00000 0.00000 0.00000 0.00000 0.00000 0.00000 0.00000 0.00000 0.00000 0.00000 0.00000 0.00000 0.00000 0.00000 0.00000 0.00000 0.00000 0.00000 0.00000 0.00000 0.00031 0.00019 0.00020 0.00000 0.00000 0.00000 0.00000 0.00000 0.00000 0.00000 0.00000 0.00000 0.00085 0.00229 0.01816 0.00174 0.00080 0.00074 0.00030 0.00001 0.00391 0.00013 0.00284 0.00066 0.00099 0.02327 0.01044 0.01204 0.00335 0.01092 0.01464 0.00322 0.00397 0.00552 0.00172 0.00184 0.01019 0.00178 0.04349 0.02514 0.02944 0.00810 0.01692 0.01405 0.12493 0.25366 0.58807 0.38166 
