0.46673 0.46673 0.06361 0.06361 0.02685 0.02685 0.00809 0.00809 0.02590 0.02590 0.00705 0.00705 0.00569 0.00569 0.00317 0.00317 0.00341 0.00341 0.00621 0.00621 0.00268 0.00268 0.00000 0.00000 0.00033 0.00033 0.00006 0.00006 0.00157 0.00157 0.00001 0.00001 0.00108 0.00108 0.00039 0.00039 0.00000 0.00000 0.00002 0.00002 0.00000 0.00000 0.00000 0.00000 0.00080 0.00080 0.00157 0.00157 0.00000 0.00000 0.00000 0.00000 0.00790 0.00790 0.00225 0.00225 0.00009 0.00009 0.00000 0.00000 0.01594 0.01594 0.00000 0.00000 0.00000 0.00000 
0.21049 0.21049 0.46673 0.46673 0.06361 0.06361 0.02685 0.02685 0.00809 0.00809 0.02590 0.02590 0.00705 0.00705 0.00569 0.00569 0.00317 0.00317 0.00341 0.00341 0.00621 0.00621 0.00268 0.00268 0.00000 0.00000 0.00033 0.00033 0.00006 0.00006 0.00157 0.00157 0.00001 0.00001 0.00108 0.00108 0.00039 0.00039 0.00000 0.00000 0.00002 0.00002 0.00000 0.00000 0.00000 0.00000 0.00080 0.00080 0.00157 0.00157 0.00000 0.00000 0.00000 0.00000 0.00790 0.00790 0.00225 0.00225 0.00009 0.00009 0.00000 0.00000 0.01594 0.01594 0.00000 0.00000 
0.02167 0.02167 0.21049 0.21049 0.46673 0.46673 0.06361 0.06361 0.02685 0.02685 0.00809 0.00809 0.02590 0.02590 0.00705 0.00705 0.00569 0.00569 0.00317 0.00317 0.00341 0.00341 0.00621 0.00621 0.00268 0.00268 0.00000 0.00000 0.00033 0.00033 0.00006 0.00006 0.00157 0.00157 0.00001 0.00001 0.00108 0.00108 0.00039 0.00039 0.00000 0.00000 0.00002 0.00002 0.00000 0.00000 0.00000 0.00000 0.00080 0.00080 0.00157 0.00157 0.00000 0.00000 0.00000 0.00000 0.00790 0.00790 0.00225 0.00225 0.00009 0.00009 0.00000 0.00000 0.01594 0.01594 
0.02446 0.02446 0.02167 0.02167 0.21049 0.21049 0.46673 0.46673 0.06361 0.06361 0.02685 0.02685 0.00809 0.00809 0.02590 0.02590 0.00705 0.00705 0.00569 0.00569 0.00317 0.00317 0.00341 0.00341 0.00621 0.00621 0.00268 0.00268 0.00000 0.00000 0.00033 0.00033 0.00006 0.00006 0.00157 0.00157 0.00001 0.00001 0.00108 0.00108 0.00039 0.00039 0.00000 0.00000 0.00002 0.00002 0.00000 0.00000 0.00000 0.00000 0.00080 0.00080 0.00157 0.00157 0.00000 0.00000 0.00000 0.00000 0.00790 0.00790 0.00225 0.00225 0.00009 0.00009 0.00000 0.00000 
0.05359 0.05359 0.02446 0.02446 0.02167 0.02167 0.21049 0.21049 0.46673 0.46673 0.06361 0.06361 0.02685 0.02685 0.00809 0.00809 0.02590 0.02590 0.00705 0.00705 0.00569 0.00569 0.00317 0.00317 0.00341 0.00341 0.00621 0.00621 0.00268 0.00268 0.00000 0.00000 0.00033 0.00033 0.00006 0.00006 0.00157 0.00157 0.00001 0.00001 0.00108 0.00108 0.00039 0.00039 0.00000 0.00000 0.00002 0.00002 0.00000 0.00000 0.00000 0.00000 0.00080 0.00080 0.00157 0.00157 0.00000 0.00000 0.00000 0.00000 0.00790 0.00790 0.00225 0.00225 0.00009 0.00009 
0.01362 0.01362 0.05359 0.05359 0.02446 0.02446 0.02167 0.02167 0.21049 0.21049 0.46673 0.46673 0.06361 0.06361 0.02685 0.02685 0.00809 0.00809 0.02590 0.02590 0.00705 0.00705 0.00569 0.00569 0.00317 0.00317 0.00341 0.00341 0.00621 0.00621 0.00268 0.00268 0.00000 0.00000 0.00033 0.00033 0.00006 0.00006 0.00157 0.00157 0.00001 0.00001 0.00108 0.00108 0.00039 0.00039 0.00000 0.00000 0.00002 0.00002 0.00000 0.00000 0.00000 0.00000 0.00080 0.00080 0.00157 0.00157 0.00000 0.00000 0.00000 0.00000 0.00790 0.00790 0.00225 0.00225 
0.00806 0.00806 0.01362 0.01362 0.05359 0.05359 0.02446 0.02446 0.02167 0.02167 0.21049 0.21049 0.46673 0.46673 0.06361 0.06361 0.02685 0.02685 0.00809 0.00809 0.02590 0.02590 0.00705 0.00705 0.00569 0.00569 0.00317 0.00317 0.00341 0.00341 0.00621 0.00621 0.00268 0.00268 0.00000 0.00000 0.00033 0.00033 0.00006 0.00006 0.00157 0.00157 0.00001 0.00001 0.00108 0.00108 0.00039 0.00039 0.00000 0.00000 0.00002 0.00002 0.00000 0.00000 0.00000 0.00000 0.00080 0.00080 0.00157 0.00157 0.00000 0.00000 0.00000 0.00000 0.00790 0.00790 
0.00339 0.00339 0.00806 0.00806 0.01362 0.01362 0.05359 0.05359 0.02446 0.02446 0.02167 0.02167 0.21049 0.21049 0.46673 0.46673 0.06361 0.06361 0.02685 0.02685 0.00809 0.00809 0.02590 0.02590 0.00705 0.00705 0.00569 0.00569 0.00317 0.00317 0.00341 0.00341 0.00621 0.00621 0.00268 0.00268 0.00000 0.00000 0.00033 0.00033 0.00006 0.00006 0.00157 0.00157 0.00001 0.00001 0.00108 0.00108 0.00039 0.00039 0.00000 0.00000 0.00002 0.00002 0.00000 0.00000 0.00000 0.00000 0.00080 0.00080 0.00157 0.00157 0.00000 0.00000 0.00000 0.00000 
0.00039 0.00039 0.00339 0.00339 0.00806 0.00806 0.01362 0.01362 0.05359 0.05359 0.02446 0.02446 0.02167 0.02167 0.21049 0.21049 0.46673 0.46673 0.06361 0.06361 0.02685 0.02685 0.00809 0.00809 0.02590 0.02590 0.00705 0.00705 0.00569 0.00569 0.00317 0.00317 0.00341 0.00341 0.00621 0.00621 0.00268 0.00268 0.00000 0.00000 0.00033 0.00033 0.00006 0.00006 0.00157 0.00157 0.00001 0.00001 0.00108 0.00108 0.00039 0.00039 0.00000 0.00000 0.00002 0.00002 0.00000 0.00000 0.00000 0.00000 0.00080 0.00080 0.00157 0.00157 0.00000 0.00000 
0.00110 0.00110 0.00039 0.00039 0.00339 0.00339 0.00806 0.00806 0.01362 0.01362 0.05359 0.05359 0.02446 0.02446 0.02167 0.02167 0.21049 0.21049 0.46673 0.46673 0.06361 0.06361 0.02685 0.02685 0.00809 0.00809 0.02590 0.02590 0.00705 0.00705 0.00569 0.00569 0.00317 0.00317 0.00341 0.00341 0.00621 0.00621 0.00268 0.00268 0.00000 0.00000 0.00033 0.00033 0.00006 0.00006 0.00157 0.00157 0.00001 0.00001 0.00108 0.00108 0.00039 0.00039 0.00000 0.00000 0.00002 0.00002 0.00000 0.00000 0.00000 0.00000 0.00080 0.00080 0.00157 0.00157 
0.00032 0.00032 0.00110 0.00110 0.00039 0.00039 0.00339 0.00339 0.00806 0.00806 0.01362 0.01362 0.05359 0.05359 0.02446 0.02446 0.02167 0.02167 0.21049 0.21049 0.46673 0.46673 0.06361 0.06361 0.02685 0.02685 0.00809 0.00809 0.02590 0.02590 0.00705 0.00705 0.00569 0.00569 0.00317 0.00317 0.00341 0.00341 0.00621 0.00621 0.00268 0.00268 0.00000 0.00000 0.00033 0.00033 0.00006 0.00006 0.00157 0.00157 0.00001 0.00001 0.00108 0.00108 0.00039 0.00039 0.00000 0.00000 0.00002 0.00002 0.00000 0.00000 0.00000 0.00000 0.00080 0.00080 
0.00003 0.00003 0.00032 0.00032 0.00110 0.00110 0.00039 0.00039 0.00339 0.00339 0.00806 0.00806 0.01362 0.01362 0.05359 0.05359 0.02446 0.02446 0.02167 0.02167 0.21049 0.21049 0.46673 0.46673 0.06361 0.06361 0.02685 0.02685 0.00809 0.00809 0.02590 0.02590 0.00705 0.00705 0.00569 0.00569 0.00317 0.00317 0.00341 0.00341 0.00621 0.00621 0.00268 0.00268 0.00000 0.00000 0.00033 0.00033 0.00006 0.00006 0.00157 0.00157 0.00001 0.00001 0.00108 0.00108 0.00039 0.00039 0.00000 0.00000 0.00002 0.00002 0.00000 0.00000 0.00000 0.00000 
0.00000 0.00000 0.00003 0.00003 0.00032 0.00032 0.00110 0.00110 0.00039 0.00039 0.00339 0.00339 0.00806 0.00806 0.01362 0.01362 0.05359 0.05359 0.02446 0.02446 0.02167 0.02167 0.21049 0.21049 0.46673 0.46673 0.06361 0.06361 0.02685 0.02685 0.00809 0.00809 0.02590 0.02590 0.00705 0.00705 0.00569 0.00569 0.00317 0.00317 0.00341 0.00341 0.00621 0.00621 0.00268 0.00268 0.00000 0.00000 0.00033 0.00033 0.00006 0.00006 0.00157 0.00157 0.00001 0.00001 0.00108 0.00108 0.00039 0.00039 0.00000 0.00000 0.00002 0.00002 0.00000 0.00000 
0.00000 0.00000 0.00000 0.00000 0.00003 0.00003 0.00032 0.00032 0.00110 0.00110 0.00039 0.00039 0.00339 0.00339 0.00806 0.00806 0.01362 0.01362 0.05359 0.05359 0.02446 0.02446 0.02167 0.02167 0.21049 0.21049 0.46673 0.46673 0.06361 0.06361 0.02685 0.02685 0.00809 0.00809 0.02590 0.02590 0.00705 0.00705 0.00569 0.00569 0.00317 0.00317 0.00341 0.00341 0.00621 0.00621 0.00268 0.00268 0.00000 0.00000 0.00033 0.00033 0.00006 0.00006 0.00157 0.00157 0.00001 0.00001 0.00108 0.00108 0.00039 0.00039 0.00000 0.00000 0.00002 0.00002 
0.00026 0.00026 0.00000 0.00000 0.00000 0.00000 0.00003 0.00003 0.00032 0.00032 0.00110 0.00110 0.00039 0.00039 0.00339 0.00339 0.00806 0.00806 0.01362 0.01362 0.05359 0.05359 0.02446 0.02446 0.02167 0.02167 0.21049 0.21049 0.46673 0.46673 0.06361 0.06361 0.02685 0.02685 0.00809 0.00809 0.02590 0.02590 0.00705 0.00705 0.00569 0.00569 0.00317 0.00317 0.00341 0.00341 0.00621 0.00621 0.00268 0.00268 0.00000 0.00000 0.00033 0.00033 0.00006 0.00006 0.00157 0.00157 0.00001 0.00001 0.00108 0.00108 0.00039 0.00039 0.00000 0.00000 
0.00100 0.00100 0.00026 0.00026 0.00000 0.00000 0.00000 0.00000 0.00003 0.00003 0.00032 0.00032 0.00110 0.00110 0.00039 0.00039 0.00339 0.00339 0.00806 0.00806 0.01362 0.01362 0.05359 0.05359 0.02446 0.02446 0.02167 0.02167 0.21049 0.21049 0.46673 0.46673 0.06361 0.06361 0.02685 0.02685 0.00809 0.00809 0.02590 0.02590 0.00705 0.00705 0.00569 0.00569 0.00317 0.00317 0.00341 0.00341 0.00621 0.00621 0.00268 0.00268 0.00000 0.00000 0.00033 0.00033 0.00006 0.00006 0.00157 0.00157 0.00001 0.00001 0.00108 0.00108 0.00039 0.00039 
0.00804 0.00804 0.00100 0.00100 0.00026 0.00026 0.00000 0.00000 0.00000 0.00000 0.00003 0.00003 0.00032 0.00032 0.00110 0.00110 0.00039 0.00039 0.00339 0.00339 0.00806 0.00806 0.01362 0.01362 0.05359 0.05359 0.02446 0.02446 0.02167 0.02167 0.21049 0.21049 0.46673 0.46673 0.06361 0.06361 0.02685 0.02685 0.00809 0.00809 0.02590 0.02590 0.00705 0.00705 0.00569 0.00569 0.00317 0.00317 0.00341 0.00341 0.00621 0.00621 0.00268 0.00268 0.00000 0.00000 0.00033 0.00033 0.00006 0.00006 0.00157 0.00157 0.00001 0.00001 0.00108 0.00108 
0.00204 0.00204 0.00804 0.00804 0.00100 0.00100 0.00026 0.00026 0.00000 0.00000 0.00000 0.00000 0.00003 0.00003 0.00032 0.00032 0.00110 0.00110 0.00039 0.00039 0.00339 0.00339 0.00806 0.00806 0.01362 0.01362 0.05359 0.05359 0.02446 0.02446 0.02167 0.02167 0.21049 0.21049 0.46673 0.46673 0.06361 0.06361 0.02685 0.02685 0.00809 0.00809 0.02590 0.02590 0.00705 0.00705 0.00569 0.00569 0.00317 0.00317 0.00341 0.00341 0.00621 0.00621 0.00268 0.00268 0.00000 0.00000 0.00033 0.00033 0.00006 0.00006 0.00157 0.00157 0.00001 0.00001 
0.00013 0.00013 0.00204 0.00204 0.00804 0.00804 0.00100 0.00100 0.00026 0.00026 0.00000 0.00000 0.00000 0.00000 0.00003 0.00003 0.00032 0.00032 0.00110 0.00110 0.00039 0.00039 0.00339 0.00339 0.00806 0.00806 0.01362 0.01362 0.05359 0.05359 0.02446 0.02446 0.02167 0.02167 0.21049 0.21049 0.46673 0.46673 0.06361 0.06361 0.02685 0.02685 0.00809 0.00809 0.02590 0.02590 0.00705 0.00705 0.00569 0.00569 0.00317 0.00317 0.00341 0.00341 0.00621 0.00621 0.00268 0.00268 0.00000 0.00000 0.00033 0.00033 0.00006 0.00006 0.00157 0.00157 
0.00000 0.00000 0.00013 0.00013 0.00204 0.00204 0.00804 0.00804 0.00100 0.00100 0.00026 0.00026 0.00000 0.00000 0.00000 0.00000 0.00003 0.00003 0.00032 0.00032 0.00110 0.00110 0.00039 0.00039 0.00339 0.00339 0.00806 0.00806 0.01362 0.01362 0.05359 0.05359 0.02446 0.02446 0.02167 0.02167 0.21049 0.21049 0.46673 0.46673 0.06361 0.06361 0.02685 0.02685 0.00809 0.00809 0.02590 0.02590 0.00705 0.00705 0.00569 0.00569 0.00317 0.00317 0.00341 0.00341 0.00621 0.00621 0.00268 0.00268 0.00000 0.00000 0.00033 0.00033 0.00006 0.00006 
0.00000 0.00000 0.00000 0.00000 0.00013 0.00013 0.00204 0.00204 0.00804 0.00804 0.00100 0.00100 0.00026 0.00026 0.00000 0.00000 0.00000 0.00000 0.00003 0.00003 0.00032 0.00032 0.00110 0.00110 0.00039 0.00039 0.00339 0.00339 0.00806 0.00806 0.01362 0.01362 0.05359 0.05359 0.02446 0.02446 0.02167 0.02167 0.21049 0.21049 0.46673 0.46673 0.06361 0.06361 0.02685 0.02685 0.00809 0.00809 0.02590 0.02590 0.00705 0.00705 0.00569 0.00569 0.00317 0.00317 0.00341 0.00341 0.00621 0.00621 0.00268 0.00268 0.00000 0.00000 0.00033 0.00033 
0.00000 0.00000 0.00000 0.00000 0.00000 0.00000 0.00013 0.00013 0.00204 0.00204 0.00804 0.00804 0.00100 0.00100 0.00026 0.00026 0.00000 0.00000 0.00000 0.00000 0.00003 0.00003 0.00032 0.00032 0.00110 0.00110 0.00039 0.00039 0.00339 0.00339 0.00806 0.00806 0.01362 0.01362 0.05359 0.05359 0.02446 0.02446 0.02167 0.02167 0.21049 0.21049 0.46673 0.46673 0.06361 0.06361 0.02685 0.02685 0.00809 0.00809 0.02590 0.02590 0.00705 0.00705 0.00569 0.00569 0.00317 0.00317 0.00341 0.00341 0.00621 0.00621 0.00268 0.00268 0.00000 0.00000 
0.00000 0.00000 0.00000 0.00000 0.00000 0.00000 0.00000 0.00000 0.00013 0.00013 0.00204 0.00204 0.00804 0.00804 0.00100 0.00100 0.00026 0.00026 0.00000 0.00000 0.00000 0.00000 0.00003 0.00003 0.00032 0.00032 0.00110 0.00110 0.00039 0.00039 0.00339 0.00339 0.00806 0.00806 0.01362 0.01362 0.05359 0.05359 0.02446 0.02446 0.02167 0.02167 0.21049 0.21049 0.46673 0.46673 0.06361 0.06361 0.02685 0.02685 0.00809 0.00809 0.02590 0.02590 0.00705 0.00705 0.00569 0.00569 0.00317 0.00317 0.00341 0.00341 0.00621 0.00621 0.00268 0.00268 
0.00000 0.00000 0.00000 0.00000 0.00000 0.00000 0.00000 0.00000 0.00000 0.00000 0.00013 0.00013 0.00204 0.00204 0.00804 0.00804 0.00100 0.00100 0.00026 0.00026 0.00000 0.00000 0.00000 0.00000 0.00003 0.00003 0.00032 0.00032 0.00110 0.00110 0.00039 0.00039 0.00339 0.00339 0.00806 0.00806 0.01362 0.01362 0.05359 0.05359 0.02446 0.02446 0.02167 0.02167 0.21049 0.21049 0.46673 0.46673 0.06361 0.06361 0.02685 0.02685 0.00809 0.00809 0.02590 0.02590 0.00705 0.00705 0.00569 0.00569 0.00317 0.00317 0.00341 0.00341 0.00621 0.00621 
0.00000 0.00000 0.00000 0.00000 0.00000 0.00000 0.00000 0.00000 0.00000 0.00000 0.00000 0.00000 0.00013 0.00013 0.00204 0.00204 0.00804 0.00804 0.00100 0.00100 0.00026 0.00026 0.00000 0.00000 0.00000 0.00000 0.00003 0.00003 0.00032 0.00032 0.00110 0.00110 0.00039 0.00039 0.00339 0.00339 0.00806 0.00806 0.01362 0.01362 0.05359 0.05359 0.02446 0.02446 0.02167 0.02167 0.21049 0.21049 0.46673 0.46673 0.06361 0.06361 0.02685 0.02685 0.00809 0.00809 0.02590 0.02590 0.00705 0.00705 0.00569 0.00569 0.00317 0.00317 0.00341 0.00341 
0.00000 0.00000 0.00000 0.00000 0.00000 0.00000 0.00000 0.00000 0.00000 0.00000 0.00000 0.00000 0.00000 0.00000 0.00013 0.00013 0.00204 0.00204 0.00804 0.00804 0.00100 0.00100 0.00026 0.00026 0.00000 0.00000 0.00000 0.00000 0.00003 0.00003 0.00032 0.00032 0.00110 0.00110 0.00039 0.00039 0.00339 0.00339 0.00806 0.00806 0.01362 0.01362 0.05359 0.05359 0.02446 0.02446 0.02167 0.02167 0.21049 0.21049 0.46673 0.46673 0.06361 0.06361 0.02685 0.02685 0.00809 0.00809 0.02590 0.02590 0.00705 0.00705 0.00569 0.00569 0.00317 0.00317 
0.00000 0.00000 0.00000 0.00000 0.00000 0.00000 0.00000 0.00000 0.00000 0.00000 0.00000 0.00000 0.00000 0.00000 0.00000 0.00000 0.00013 0.00013 0.00204 0.00204 0.00804 0.00804 0.00100 0.00100 0.00026 0.00026 0.00000 0.00000 0.00000 0.00000 0.00003 0.00003 0.00032 0.00032 0.00110 0.00110 0.00039 0.00039 0.00339 0.00339 0.00806 0.00806 0.01362 0.01362 0.05359 0.05359 0.02446 0.02446 0.02167 0.02167 0.21049 0.21049 0.46673 0.46673 0.06361 0.06361 0.02685 0.02685 0.00809 0.00809 0.02590 0.02590 0.00705 0.00705 0.00569 0.00569 
0.00000 0.00000 0.00000 0.00000 0.00000 0.00000 0.00000 0.00000 0.00000 0.00000 0.00000 0.00000 0.00000 0.00000 0.00000 0.00000 0.00000 0.00000 0.00013 0.00013 0.00204 0.00204 0.00804 0.00804 0.00100 0.00100 0.00026 0.00026 0.00000 0.00000 0.00000 0.00000 0.00003 0.00003 0.00032 0.00032 0.00110 0.00110 0.00039 0.00039 0.00339 0.00339 0.00806 0.00806 0.01362 0.01362 0.05359 0.05359 0.02446 0.02446 0.02167 0.02167 0.21049 0.21049 0.46673 0.46673 0.06361 0.06361 0.02685 0.02685 0.00809 0.00809 0.02590 0.02590 0.00705 0.00705 
0.00000 0.00000 0.00000 0.00000 0.00000 0.00000 0.00000 0.00000 0.00000 0.00000 0.00000 0.00000 0.00000 0.00000 0.00000 0.00000 0.00000 0.00000 0.00000 0.00000 0.00013 0.00013 0.00204 0.00204 0.00804 0.00804 0.00100 0.00100 0.00026 0.00026 0.00000 0.00000 0.00000 0.00000 0.00003 0.00003 0.00032 0.00032 0.00110 0.00110 0.00039 0.00039 0.00339 0.00339 0.00806 0.00806 0.01362 0.01362 0.05359 0.05359 0.02446 0.02446 0.02167 0.02167 0.21049 0.21049 0.46673 0.46673 0.06361 0.06361 0.02685 0.02685 0.00809 0.00809 0.02590 0.02590 
0.00000 0.00000 0.00000 0.00000 0.00000 0.00000 0.00000 0.00000 0.00000 0.00000 0.00000 0.00000 0.00000 0.00000 0.00000 0.00000 0.00000 0.00000 0.00000 0.00000 0.00000 0.00000 0.00013 0.00013 0.00204 0.00204 0.00804 0.00804 0.00100 0.00100 0.00026 0.00026 0.00000 0.00000 0.00000 0.00000 0.00003 0.00003 0.00032 0.00032 0.00110 0.00110 0.00039 0.00039 0.00339 0.00339 0.00806 0.00806 0.01362 0.01362 0.05359 0.05359 0.02446 0.02446 0.02167 0.02167 0.21049 0.21049 0.46673 0.46673 0.06361 0.06361 0.02685 0.02685 0.00809 0.00809 
0.00000 0.00000 0.00000 0.00000 0.00000 0.00000 0.00000 0.00000 0.00000 0.00000 0.00000 0.00000 0.00000 0.00000 0.00000 0.00000 0.00000 0.00000 0.00000 0.00000 0.00000 0.00000 0.00000 0.00000 0.00013 0.00013 0.00204 0.00204 0.00804 0.00804 0.00100 0.00100 0.00026 0.00026 0.00000 0.00000 0.00000 0.00000 0.00003 0.00003 0.00032 0.00032 0.00110 0.00110 0.00039 0.00039 0.00339 0.00339 0.00806 0.00806 0.01362 0.01362 0.05359 0.05359 0.02446 0.02446 0.02167 0.02167 0.21049 0.21049 0.46673 0.46673 0.06361 0.06361 0.02685 0.02685 
0.00000 0.00000 0.00000 0.00000 0.00000 0.00000 0.00000 0.00000 0.00000 0.00000 0.00000 0.00000 0.00000 0.00000 0.00000 0.00000 0.00000 0.00000 0.00000 0.00000 0.00000 0.00000 0.00000 0.00000 0.00000 0.00000 0.00013 0.00013 0.00204 0.00204 0.00804 0.00804 0.00100 0.00100 0.00026 0.00026 0.00000 0.00000 0.00000 0.00000 0.00003 0.00003 0.00032 0.00032 0.00110 0.00110 0.00039 0.00039 0.00339 0.00339 0.00806 0.00806 0.01362 0.01362 0.05359 0.05359 0.02446 0.02446 0.02167 0.02167 0.21049 0.21049 0.46673 0.46673 0.06361 0.06361 
0.00000 0.00000 0.00000 0.00000 0.00000 0.00000 0.00000 0.00000 0.00000 0.00000 0.00000 0.00000 0.00000 0.00000 0.00000 0.00000 0.00000 0.00000 0.00000 0.00000 0.00000 0.00000 0.00000 0.00000 0.00000 0.00000 0.00000 0.00000 0.00013 0.00013 0.00204 0.00204 0.00804 0.00804 0.00100 0.00100 0.00026 0.00026 0.00000 0.00000 0.00000 0.00000 0.00003 0.00003 0.00032 0.00032 0.00110 0.00110 0.00039 0.00039 0.00339 0.00339 0.00806 0.00806 0.01362 0.01362 0.05359 0.05359 0.02446 0.02446 0.02167 0.02167 0.21049 0.21049 0.46673 0.46673 
