0.60805 0.60805 0.01374 0.01374 0.00682 0.00682 0.05938 0.05938 0.00624 0.00624 0.00087 0.00087 0.00232 0.00232 0.01042 0.01042 0.00971 0.00971 0.00086 0.00086 0.00000 
0.27061 0.27061 0.60805 0.60805 0.01374 0.01374 0.00682 0.00682 0.05938 0.05938 0.00624 0.00624 0.00087 0.00087 0.00232 0.00232 0.01042 0.01042 0.00971 0.00971 0.00086 
0.00157 0.00157 0.27061 0.27061 0.60805 0.60805 0.01374 0.01374 0.00682 0.00682 0.05938 0.05938 0.00624 0.00624 0.00087 0.00087 0.00232 0.00232 0.01042 0.01042 0.00971 
0.00876 0.00876 0.00157 0.00157 0.27061 0.27061 0.60805 0.60805 0.01374 0.01374 0.00682 0.00682 0.05938 0.05938 0.00624 0.00624 0.00087 0.00087 0.00232 0.00232 0.01042 
0.00053 0.00053 0.00876 0.00876 0.00157 0.00157 0.27061 0.27061 0.60805 0.60805 0.01374 0.01374 0.00682 0.00682 0.05938 0.05938 0.00624 0.00624 0.00087 0.00087 0.00232 
0.00003 0.00003 0.00053 0.00053 0.00876 0.00876 0.00157 0.00157 0.27061 0.27061 0.60805 0.60805 0.01374 0.01374 0.00682 0.00682 0.05938 0.05938 0.00624 0.00624 0.00087 
0.00011 0.00011 0.00003 0.00003 0.00053 0.00053 0.00876 0.00876 0.00157 0.00157 0.27061 0.27061 0.60805 0.60805 0.01374 0.01374 0.00682 0.00682 0.05938 0.05938 0.00624 
0.00000 0.00000 0.00011 0.00011 0.00003 0.00003 0.00053 0.00053 0.00876 0.00876 0.00157 0.00157 0.27061 0.27061 0.60805 0.60805 0.01374 0.01374 0.00682 0.00682 0.05938 
0.00000 0.00000 0.00000 0.00000 0.00011 0.00011 0.00003 0.00003 0.00053 0.00053 0.00876 0.00876 0.00157 0.00157 0.27061 0.27061 0.60805 0.60805 0.01374 0.01374 0.00682 
0.00000 0.00000 0.00000 0.00000 0.00000 0.00000 0.00011 0.00011 0.00003 0.00003 0.00053 0.00053 0.00876 0.00876 0.00157 0.00157 0.27061 0.27061 0.60805 0.60805 0.01374 
0.00000 0.00000 0.00000 0.00000 0.00000 0.00000 0.00000 0.00000 0.00011 0.00011 0.00003 0.00003 0.00053 0.00053 0.00876 0.00876 0.00157 0.00157 0.27061 0.27061 0.60805 
