0.50842 0.50842 0.08253 0.08253 0.02547 0.02547 0.00723 0.00723 0.00040 0.00040 0.00015 0.00015 0.00172 0.00172 0.00000 0.00000 0.00000 0.00000 0.00098 0.00098 0.00272 0.00272 0.00166 0.00166 0.00059 0.00059 0.00251 0.00251 0.00688 0.00688 0.01368 0.01368 0.01762 0.01762 0.02197 0.02197 0.00259 0.00259 0.00068 0.00068 0.00000 0.00000 0.00694 0.00694 0.00000 0.00000 0.00000 0.00000 0.00000 0.00000 0.00000 0.00000 0.00000 0.00000 0.00000 0.00000 0.00013 0.00013 0.00244 0.00244 0.00000 0.00000 0.00018 0.00018 0.00000 0.00000 0.00902 0.00902 0.00000 0.00000 0.00000 
0.18275 0.18275 0.50842 0.50842 0.08253 0.08253 0.02547 0.02547 0.00723 0.00723 0.00040 0.00040 0.00015 0.00015 0.00172 0.00172 0.00000 0.00000 0.00000 0.00000 0.00098 0.00098 0.00272 0.00272 0.00166 0.00166 0.00059 0.00059 0.00251 0.00251 0.00688 0.00688 0.01368 0.01368 0.01762 0.01762 0.02197 0.02197 0.00259 0.00259 0.00068 0.00068 0.00000 0.00000 0.00694 0.00694 0.00000 0.00000 0.00000 0.00000 0.00000 0.00000 0.00000 0.00000 0.00000 0.00000 0.00000 0.00000 0.00013 0.00013 0.00244 0.00244 0.00000 0.00000 0.00018 0.00018 0.00000 0.00000 0.00902 0.00902 0.00000 
0.02562 0.02562 0.18275 0.18275 0.50842 0.50842 0.08253 0.08253 0.02547 0.02547 0.00723 0.00723 0.00040 0.00040 0.00015 0.00015 0.00172 0.00172 0.00000 0.00000 0.00000 0.00000 0.00098 0.00098 0.00272 0.00272 0.00166 0.00166 0.00059 0.00059 0.00251 0.00251 0.00688 0.00688 0.01368 0.01368 0.01762 0.01762 0.02197 0.02197 0.00259 0.00259 0.00068 0.00068 0.00000 0.00000 0.00694 0.00694 0.00000 0.00000 0.00000 0.00000 0.00000 0.00000 0.00000 0.00000 0.00000 0.00000 0.00000 0.00000 0.00013 0.00013 0.00244 0.00244 0.00000 0.00000 0.00018 0.00018 0.00000 0.00000 0.00902 
0.01879 0.01879 0.02562 0.02562 0.18275 0.18275 0.50842 0.50842 0.08253 0.08253 0.02547 0.02547 0.00723 0.00723 0.00040 0.00040 0.00015 0.00015 0.00172 0.00172 0.00000 0.00000 0.00000 0.00000 0.00098 0.00098 0.00272 0.00272 0.00166 0.00166 0.00059 0.00059 0.00251 0.00251 0.00688 0.00688 0.01368 0.01368 0.01762 0.01762 0.02197 0.02197 0.00259 0.00259 0.00068 0.00068 0.00000 0.00000 0.00694 0.00694 0.00000 0.00000 0.00000 0.00000 0.00000 0.00000 0.00000 0.00000 0.00000 0.00000 0.00000 0.00000 0.00013 0.00013 0.00244 0.00244 0.00000 0.00000 0.00018 0.00018 0.00000 
0.02256 0.02256 0.01879 0.01879 0.02562 0.02562 0.18275 0.18275 0.50842 0.50842 0.08253 0.08253 0.02547 0.02547 0.00723 0.00723 0.00040 0.00040 0.00015 0.00015 0.00172 0.00172 0.00000 0.00000 0.00000 0.00000 0.00098 0.00098 0.00272 0.00272 0.00166 0.00166 0.00059 0.00059 0.00251 0.00251 0.00688 0.00688 0.01368 0.01368 0.01762 0.01762 0.02197 0.02197 0.00259 0.00259 0.00068 0.00068 0.00000 0.00000 0.00694 0.00694 0.00000 0.00000 0.00000 0.00000 0.00000 0.00000 0.00000 0.00000 0.00000 0.00000 0.00000 0.00000 0.00013 0.00013 0.00244 0.00244 0.00000 0.00000 0.00018 
0.01790 0.01790 0.02256 0.02256 0.01879 0.01879 0.02562 0.02562 0.18275 0.18275 0.50842 0.50842 0.08253 0.08253 0.02547 0.02547 0.00723 0.00723 0.00040 0.00040 0.00015 0.00015 0.00172 0.00172 0.00000 0.00000 0.00000 0.00000 0.00098 0.00098 0.00272 0.00272 0.00166 0.00166 0.00059 0.00059 0.00251 0.00251 0.00688 0.00688 0.01368 0.01368 0.01762 0.01762 0.02197 0.02197 0.00259 0.00259 0.00068 0.00068 0.00000 0.00000 0.00694 0.00694 0.00000 0.00000 0.00000 0.00000 0.00000 0.00000 0.00000 0.00000 0.00000 0.00000 0.00000 0.00000 0.00013 0.00013 0.00244 0.00244 0.00000 
0.01191 0.01191 0.01790 0.01790 0.02256 0.02256 0.01879 0.01879 0.02562 0.02562 0.18275 0.18275 0.50842 0.50842 0.08253 0.08253 0.02547 0.02547 0.00723 0.00723 0.00040 0.00040 0.00015 0.00015 0.00172 0.00172 0.00000 0.00000 0.00000 0.00000 0.00098 0.00098 0.00272 0.00272 0.00166 0.00166 0.00059 0.00059 0.00251 0.00251 0.00688 0.00688 0.01368 0.01368 0.01762 0.01762 0.02197 0.02197 0.00259 0.00259 0.00068 0.00068 0.00000 0.00000 0.00694 0.00694 0.00000 0.00000 0.00000 0.00000 0.00000 0.00000 0.00000 0.00000 0.00000 0.00000 0.00000 0.00000 0.00013 0.00013 0.00244 
0.00048 0.00048 0.01191 0.01191 0.01790 0.01790 0.02256 0.02256 0.01879 0.01879 0.02562 0.02562 0.18275 0.18275 0.50842 0.50842 0.08253 0.08253 0.02547 0.02547 0.00723 0.00723 0.00040 0.00040 0.00015 0.00015 0.00172 0.00172 0.00000 0.00000 0.00000 0.00000 0.00098 0.00098 0.00272 0.00272 0.00166 0.00166 0.00059 0.00059 0.00251 0.00251 0.00688 0.00688 0.01368 0.01368 0.01762 0.01762 0.02197 0.02197 0.00259 0.00259 0.00068 0.00068 0.00000 0.00000 0.00694 0.00694 0.00000 0.00000 0.00000 0.00000 0.00000 0.00000 0.00000 0.00000 0.00000 0.00000 0.00000 0.00000 0.00013 
0.00069 0.00069 0.00048 0.00048 0.01191 0.01191 0.01790 0.01790 0.02256 0.02256 0.01879 0.01879 0.02562 0.02562 0.18275 0.18275 0.50842 0.50842 0.08253 0.08253 0.02547 0.02547 0.00723 0.00723 0.00040 0.00040 0.00015 0.00015 0.00172 0.00172 0.00000 0.00000 0.00000 0.00000 0.00098 0.00098 0.00272 0.00272 0.00166 0.00166 0.00059 0.00059 0.00251 0.00251 0.00688 0.00688 0.01368 0.01368 0.01762 0.01762 0.02197 0.02197 0.00259 0.00259 0.00068 0.00068 0.00000 0.00000 0.00694 0.00694 0.00000 0.00000 0.00000 0.00000 0.00000 0.00000 0.00000 0.00000 0.00000 0.00000 0.00000 
0.00000 0.00000 0.00069 0.00069 0.00048 0.00048 0.01191 0.01191 0.01790 0.01790 0.02256 0.02256 0.01879 0.01879 0.02562 0.02562 0.18275 0.18275 0.50842 0.50842 0.08253 0.08253 0.02547 0.02547 0.00723 0.00723 0.00040 0.00040 0.00015 0.00015 0.00172 0.00172 0.00000 0.00000 0.00000 0.00000 0.00098 0.00098 0.00272 0.00272 0.00166 0.00166 0.00059 0.00059 0.00251 0.00251 0.00688 0.00688 0.01368 0.01368 0.01762 0.01762 0.02197 0.02197 0.00259 0.00259 0.00068 0.00068 0.00000 0.00000 0.00694 0.00694 0.00000 0.00000 0.00000 0.00000 0.00000 0.00000 0.00000 0.00000 0.00000 
0.00005 0.00005 0.00000 0.00000 0.00069 0.00069 0.00048 0.00048 0.01191 0.01191 0.01790 0.01790 0.02256 0.02256 0.01879 0.01879 0.02562 0.02562 0.18275 0.18275 0.50842 0.50842 0.08253 0.08253 0.02547 0.02547 0.00723 0.00723 0.00040 0.00040 0.00015 0.00015 0.00172 0.00172 0.00000 0.00000 0.00000 0.00000 0.00098 0.00098 0.00272 0.00272 0.00166 0.00166 0.00059 0.00059 0.00251 0.00251 0.00688 0.00688 0.01368 0.01368 0.01762 0.01762 0.02197 0.02197 0.00259 0.00259 0.00068 0.00068 0.00000 0.00000 0.00694 0.00694 0.00000 0.00000 0.00000 0.00000 0.00000 0.00000 0.00000 
0.00075 0.00075 0.00005 0.00005 0.00000 0.00000 0.00069 0.00069 0.00048 0.00048 0.01191 0.01191 0.01790 0.01790 0.02256 0.02256 0.01879 0.01879 0.02562 0.02562 0.18275 0.18275 0.50842 0.50842 0.08253 0.08253 0.02547 0.02547 0.00723 0.00723 0.00040 0.00040 0.00015 0.00015 0.00172 0.00172 0.00000 0.00000 0.00000 0.00000 0.00098 0.00098 0.00272 0.00272 0.00166 0.00166 0.00059 0.00059 0.00251 0.00251 0.00688 0.00688 0.01368 0.01368 0.01762 0.01762 0.02197 0.02197 0.00259 0.00259 0.00068 0.00068 0.00000 0.00000 0.00694 0.00694 0.00000 0.00000 0.00000 0.00000 0.00000 
0.00031 0.00031 0.00075 0.00075 0.00005 0.00005 0.00000 0.00000 0.00069 0.00069 0.00048 0.00048 0.01191 0.01191 0.01790 0.01790 0.02256 0.02256 0.01879 0.01879 0.02562 0.02562 0.18275 0.18275 0.50842 0.50842 0.08253 0.08253 0.02547 0.02547 0.00723 0.00723 0.00040 0.00040 0.00015 0.00015 0.00172 0.00172 0.00000 0.00000 0.00000 0.00000 0.00098 0.00098 0.00272 0.00272 0.00166 0.00166 0.00059 0.00059 0.00251 0.00251 0.00688 0.00688 0.01368 0.01368 0.01762 0.01762 0.02197 0.02197 0.00259 0.00259 0.00068 0.00068 0.00000 0.00000 0.00694 0.00694 0.00000 0.00000 0.00000 
0.00000 0.00000 0.00031 0.00031 0.00075 0.00075 0.00005 0.00005 0.00000 0.00000 0.00069 0.00069 0.00048 0.00048 0.01191 0.01191 0.01790 0.01790 0.02256 0.02256 0.01879 0.01879 0.02562 0.02562 0.18275 0.18275 0.50842 0.50842 0.08253 0.08253 0.02547 0.02547 0.00723 0.00723 0.00040 0.00040 0.00015 0.00015 0.00172 0.00172 0.00000 0.00000 0.00000 0.00000 0.00098 0.00098 0.00272 0.00272 0.00166 0.00166 0.00059 0.00059 0.00251 0.00251 0.00688 0.00688 0.01368 0.01368 0.01762 0.01762 0.02197 0.02197 0.00259 0.00259 0.00068 0.00068 0.00000 0.00000 0.00694 0.00694 0.00000 
0.00007 0.00007 0.00000 0.00000 0.00031 0.00031 0.00075 0.00075 0.00005 0.00005 0.00000 0.00000 0.00069 0.00069 0.00048 0.00048 0.01191 0.01191 0.01790 0.01790 0.02256 0.02256 0.01879 0.01879 0.02562 0.02562 0.18275 0.18275 0.50842 0.50842 0.08253 0.08253 0.02547 0.02547 0.00723 0.00723 0.00040 0.00040 0.00015 0.00015 0.00172 0.00172 0.00000 0.00000 0.00000 0.00000 0.00098 0.00098 0.00272 0.00272 0.00166 0.00166 0.00059 0.00059 0.00251 0.00251 0.00688 0.00688 0.01368 0.01368 0.01762 0.01762 0.02197 0.02197 0.00259 0.00259 0.00068 0.00068 0.00000 0.00000 0.00694 
0.00007 0.00007 0.00007 0.00007 0.00000 0.00000 0.00031 0.00031 0.00075 0.00075 0.00005 0.00005 0.00000 0.00000 0.00069 0.00069 0.00048 0.00048 0.01191 0.01191 0.01790 0.01790 0.02256 0.02256 0.01879 0.01879 0.02562 0.02562 0.18275 0.18275 0.50842 0.50842 0.08253 0.08253 0.02547 0.02547 0.00723 0.00723 0.00040 0.00040 0.00015 0.00015 0.00172 0.00172 0.00000 0.00000 0.00000 0.00000 0.00098 0.00098 0.00272 0.00272 0.00166 0.00166 0.00059 0.00059 0.00251 0.00251 0.00688 0.00688 0.01368 0.01368 0.01762 0.01762 0.02197 0.02197 0.00259 0.00259 0.00068 0.00068 0.00000 
0.00051 0.00051 0.00007 0.00007 0.00007 0.00007 0.00000 0.00000 0.00031 0.00031 0.00075 0.00075 0.00005 0.00005 0.00000 0.00000 0.00069 0.00069 0.00048 0.00048 0.01191 0.01191 0.01790 0.01790 0.02256 0.02256 0.01879 0.01879 0.02562 0.02562 0.18275 0.18275 0.50842 0.50842 0.08253 0.08253 0.02547 0.02547 0.00723 0.00723 0.00040 0.00040 0.00015 0.00015 0.00172 0.00172 0.00000 0.00000 0.00000 0.00000 0.00098 0.00098 0.00272 0.00272 0.00166 0.00166 0.00059 0.00059 0.00251 0.00251 0.00688 0.00688 0.01368 0.01368 0.01762 0.01762 0.02197 0.02197 0.00259 0.00259 0.00068 
0.00061 0.00061 0.00051 0.00051 0.00007 0.00007 0.00007 0.00007 0.00000 0.00000 0.00031 0.00031 0.00075 0.00075 0.00005 0.00005 0.00000 0.00000 0.00069 0.00069 0.00048 0.00048 0.01191 0.01191 0.01790 0.01790 0.02256 0.02256 0.01879 0.01879 0.02562 0.02562 0.18275 0.18275 0.50842 0.50842 0.08253 0.08253 0.02547 0.02547 0.00723 0.00723 0.00040 0.00040 0.00015 0.00015 0.00172 0.00172 0.00000 0.00000 0.00000 0.00000 0.00098 0.00098 0.00272 0.00272 0.00166 0.00166 0.00059 0.00059 0.00251 0.00251 0.00688 0.00688 0.01368 0.01368 0.01762 0.01762 0.02197 0.02197 0.00259 
0.00041 0.00041 0.00061 0.00061 0.00051 0.00051 0.00007 0.00007 0.00007 0.00007 0.00000 0.00000 0.00031 0.00031 0.00075 0.00075 0.00005 0.00005 0.00000 0.00000 0.00069 0.00069 0.00048 0.00048 0.01191 0.01191 0.01790 0.01790 0.02256 0.02256 0.01879 0.01879 0.02562 0.02562 0.18275 0.18275 0.50842 0.50842 0.08253 0.08253 0.02547 0.02547 0.00723 0.00723 0.00040 0.00040 0.00015 0.00015 0.00172 0.00172 0.00000 0.00000 0.00000 0.00000 0.00098 0.00098 0.00272 0.00272 0.00166 0.00166 0.00059 0.00059 0.00251 0.00251 0.00688 0.00688 0.01368 0.01368 0.01762 0.01762 0.02197 
0.00000 0.00000 0.00041 0.00041 0.00061 0.00061 0.00051 0.00051 0.00007 0.00007 0.00007 0.00007 0.00000 0.00000 0.00031 0.00031 0.00075 0.00075 0.00005 0.00005 0.00000 0.00000 0.00069 0.00069 0.00048 0.00048 0.01191 0.01191 0.01790 0.01790 0.02256 0.02256 0.01879 0.01879 0.02562 0.02562 0.18275 0.18275 0.50842 0.50842 0.08253 0.08253 0.02547 0.02547 0.00723 0.00723 0.00040 0.00040 0.00015 0.00015 0.00172 0.00172 0.00000 0.00000 0.00000 0.00000 0.00098 0.00098 0.00272 0.00272 0.00166 0.00166 0.00059 0.00059 0.00251 0.00251 0.00688 0.00688 0.01368 0.01368 0.01762 
0.00000 0.00000 0.00000 0.00000 0.00041 0.00041 0.00061 0.00061 0.00051 0.00051 0.00007 0.00007 0.00007 0.00007 0.00000 0.00000 0.00031 0.00031 0.00075 0.00075 0.00005 0.00005 0.00000 0.00000 0.00069 0.00069 0.00048 0.00048 0.01191 0.01191 0.01790 0.01790 0.02256 0.02256 0.01879 0.01879 0.02562 0.02562 0.18275 0.18275 0.50842 0.50842 0.08253 0.08253 0.02547 0.02547 0.00723 0.00723 0.00040 0.00040 0.00015 0.00015 0.00172 0.00172 0.00000 0.00000 0.00000 0.00000 0.00098 0.00098 0.00272 0.00272 0.00166 0.00166 0.00059 0.00059 0.00251 0.00251 0.00688 0.00688 0.01368 
0.00000 0.00000 0.00000 0.00000 0.00000 0.00000 0.00041 0.00041 0.00061 0.00061 0.00051 0.00051 0.00007 0.00007 0.00007 0.00007 0.00000 0.00000 0.00031 0.00031 0.00075 0.00075 0.00005 0.00005 0.00000 0.00000 0.00069 0.00069 0.00048 0.00048 0.01191 0.01191 0.01790 0.01790 0.02256 0.02256 0.01879 0.01879 0.02562 0.02562 0.18275 0.18275 0.50842 0.50842 0.08253 0.08253 0.02547 0.02547 0.00723 0.00723 0.00040 0.00040 0.00015 0.00015 0.00172 0.00172 0.00000 0.00000 0.00000 0.00000 0.00098 0.00098 0.00272 0.00272 0.00166 0.00166 0.00059 0.00059 0.00251 0.00251 0.00688 
0.00000 0.00000 0.00000 0.00000 0.00000 0.00000 0.00000 0.00000 0.00041 0.00041 0.00061 0.00061 0.00051 0.00051 0.00007 0.00007 0.00007 0.00007 0.00000 0.00000 0.00031 0.00031 0.00075 0.00075 0.00005 0.00005 0.00000 0.00000 0.00069 0.00069 0.00048 0.00048 0.01191 0.01191 0.01790 0.01790 0.02256 0.02256 0.01879 0.01879 0.02562 0.02562 0.18275 0.18275 0.50842 0.50842 0.08253 0.08253 0.02547 0.02547 0.00723 0.00723 0.00040 0.00040 0.00015 0.00015 0.00172 0.00172 0.00000 0.00000 0.00000 0.00000 0.00098 0.00098 0.00272 0.00272 0.00166 0.00166 0.00059 0.00059 0.00251 
0.00000 0.00000 0.00000 0.00000 0.00000 0.00000 0.00000 0.00000 0.00000 0.00000 0.00041 0.00041 0.00061 0.00061 0.00051 0.00051 0.00007 0.00007 0.00007 0.00007 0.00000 0.00000 0.00031 0.00031 0.00075 0.00075 0.00005 0.00005 0.00000 0.00000 0.00069 0.00069 0.00048 0.00048 0.01191 0.01191 0.01790 0.01790 0.02256 0.02256 0.01879 0.01879 0.02562 0.02562 0.18275 0.18275 0.50842 0.50842 0.08253 0.08253 0.02547 0.02547 0.00723 0.00723 0.00040 0.00040 0.00015 0.00015 0.00172 0.00172 0.00000 0.00000 0.00000 0.00000 0.00098 0.00098 0.00272 0.00272 0.00166 0.00166 0.00059 
0.00000 0.00000 0.00000 0.00000 0.00000 0.00000 0.00000 0.00000 0.00000 0.00000 0.00000 0.00000 0.00041 0.00041 0.00061 0.00061 0.00051 0.00051 0.00007 0.00007 0.00007 0.00007 0.00000 0.00000 0.00031 0.00031 0.00075 0.00075 0.00005 0.00005 0.00000 0.00000 0.00069 0.00069 0.00048 0.00048 0.01191 0.01191 0.01790 0.01790 0.02256 0.02256 0.01879 0.01879 0.02562 0.02562 0.18275 0.18275 0.50842 0.50842 0.08253 0.08253 0.02547 0.02547 0.00723 0.00723 0.00040 0.00040 0.00015 0.00015 0.00172 0.00172 0.00000 0.00000 0.00000 0.00000 0.00098 0.00098 0.00272 0.00272 0.00166 
0.00000 0.00000 0.00000 0.00000 0.00000 0.00000 0.00000 0.00000 0.00000 0.00000 0.00000 0.00000 0.00000 0.00000 0.00041 0.00041 0.00061 0.00061 0.00051 0.00051 0.00007 0.00007 0.00007 0.00007 0.00000 0.00000 0.00031 0.00031 0.00075 0.00075 0.00005 0.00005 0.00000 0.00000 0.00069 0.00069 0.00048 0.00048 0.01191 0.01191 0.01790 0.01790 0.02256 0.02256 0.01879 0.01879 0.02562 0.02562 0.18275 0.18275 0.50842 0.50842 0.08253 0.08253 0.02547 0.02547 0.00723 0.00723 0.00040 0.00040 0.00015 0.00015 0.00172 0.00172 0.00000 0.00000 0.00000 0.00000 0.00098 0.00098 0.00272 
0.00000 0.00000 0.00000 0.00000 0.00000 0.00000 0.00000 0.00000 0.00000 0.00000 0.00000 0.00000 0.00000 0.00000 0.00000 0.00000 0.00041 0.00041 0.00061 0.00061 0.00051 0.00051 0.00007 0.00007 0.00007 0.00007 0.00000 0.00000 0.00031 0.00031 0.00075 0.00075 0.00005 0.00005 0.00000 0.00000 0.00069 0.00069 0.00048 0.00048 0.01191 0.01191 0.01790 0.01790 0.02256 0.02256 0.01879 0.01879 0.02562 0.02562 0.18275 0.18275 0.50842 0.50842 0.08253 0.08253 0.02547 0.02547 0.00723 0.00723 0.00040 0.00040 0.00015 0.00015 0.00172 0.00172 0.00000 0.00000 0.00000 0.00000 0.00098 
0.00000 0.00000 0.00000 0.00000 0.00000 0.00000 0.00000 0.00000 0.00000 0.00000 0.00000 0.00000 0.00000 0.00000 0.00000 0.00000 0.00000 0.00000 0.00041 0.00041 0.00061 0.00061 0.00051 0.00051 0.00007 0.00007 0.00007 0.00007 0.00000 0.00000 0.00031 0.00031 0.00075 0.00075 0.00005 0.00005 0.00000 0.00000 0.00069 0.00069 0.00048 0.00048 0.01191 0.01191 0.01790 0.01790 0.02256 0.02256 0.01879 0.01879 0.02562 0.02562 0.18275 0.18275 0.50842 0.50842 0.08253 0.08253 0.02547 0.02547 0.00723 0.00723 0.00040 0.00040 0.00015 0.00015 0.00172 0.00172 0.00000 0.00000 0.00000 
0.00000 0.00000 0.00000 0.00000 0.00000 0.00000 0.00000 0.00000 0.00000 0.00000 0.00000 0.00000 0.00000 0.00000 0.00000 0.00000 0.00000 0.00000 0.00000 0.00000 0.00041 0.00041 0.00061 0.00061 0.00051 0.00051 0.00007 0.00007 0.00007 0.00007 0.00000 0.00000 0.00031 0.00031 0.00075 0.00075 0.00005 0.00005 0.00000 0.00000 0.00069 0.00069 0.00048 0.00048 0.01191 0.01191 0.01790 0.01790 0.02256 0.02256 0.01879 0.01879 0.02562 0.02562 0.18275 0.18275 0.50842 0.50842 0.08253 0.08253 0.02547 0.02547 0.00723 0.00723 0.00040 0.00040 0.00015 0.00015 0.00172 0.00172 0.00000 
0.00000 0.00000 0.00000 0.00000 0.00000 0.00000 0.00000 0.00000 0.00000 0.00000 0.00000 0.00000 0.00000 0.00000 0.00000 0.00000 0.00000 0.00000 0.00000 0.00000 0.00000 0.00000 0.00041 0.00041 0.00061 0.00061 0.00051 0.00051 0.00007 0.00007 0.00007 0.00007 0.00000 0.00000 0.00031 0.00031 0.00075 0.00075 0.00005 0.00005 0.00000 0.00000 0.00069 0.00069 0.00048 0.00048 0.01191 0.01191 0.01790 0.01790 0.02256 0.02256 0.01879 0.01879 0.02562 0.02562 0.18275 0.18275 0.50842 0.50842 0.08253 0.08253 0.02547 0.02547 0.00723 0.00723 0.00040 0.00040 0.00015 0.00015 0.00172 
0.00000 0.00000 0.00000 0.00000 0.00000 0.00000 0.00000 0.00000 0.00000 0.00000 0.00000 0.00000 0.00000 0.00000 0.00000 0.00000 0.00000 0.00000 0.00000 0.00000 0.00000 0.00000 0.00000 0.00000 0.00041 0.00041 0.00061 0.00061 0.00051 0.00051 0.00007 0.00007 0.00007 0.00007 0.00000 0.00000 0.00031 0.00031 0.00075 0.00075 0.00005 0.00005 0.00000 0.00000 0.00069 0.00069 0.00048 0.00048 0.01191 0.01191 0.01790 0.01790 0.02256 0.02256 0.01879 0.01879 0.02562 0.02562 0.18275 0.18275 0.50842 0.50842 0.08253 0.08253 0.02547 0.02547 0.00723 0.00723 0.00040 0.00040 0.00015 
0.00000 0.00000 0.00000 0.00000 0.00000 0.00000 0.00000 0.00000 0.00000 0.00000 0.00000 0.00000 0.00000 0.00000 0.00000 0.00000 0.00000 0.00000 0.00000 0.00000 0.00000 0.00000 0.00000 0.00000 0.00000 0.00000 0.00041 0.00041 0.00061 0.00061 0.00051 0.00051 0.00007 0.00007 0.00007 0.00007 0.00000 0.00000 0.00031 0.00031 0.00075 0.00075 0.00005 0.00005 0.00000 0.00000 0.00069 0.00069 0.00048 0.00048 0.01191 0.01191 0.01790 0.01790 0.02256 0.02256 0.01879 0.01879 0.02562 0.02562 0.18275 0.18275 0.50842 0.50842 0.08253 0.08253 0.02547 0.02547 0.00723 0.00723 0.00040 
0.00000 0.00000 0.00000 0.00000 0.00000 0.00000 0.00000 0.00000 0.00000 0.00000 0.00000 0.00000 0.00000 0.00000 0.00000 0.00000 0.00000 0.00000 0.00000 0.00000 0.00000 0.00000 0.00000 0.00000 0.00000 0.00000 0.00000 0.00000 0.00041 0.00041 0.00061 0.00061 0.00051 0.00051 0.00007 0.00007 0.00007 0.00007 0.00000 0.00000 0.00031 0.00031 0.00075 0.00075 0.00005 0.00005 0.00000 0.00000 0.00069 0.00069 0.00048 0.00048 0.01191 0.01191 0.01790 0.01790 0.02256 0.02256 0.01879 0.01879 0.02562 0.02562 0.18275 0.18275 0.50842 0.50842 0.08253 0.08253 0.02547 0.02547 0.00723 
0.00000 0.00000 0.00000 0.00000 0.00000 0.00000 0.00000 0.00000 0.00000 0.00000 0.00000 0.00000 0.00000 0.00000 0.00000 0.00000 0.00000 0.00000 0.00000 0.00000 0.00000 0.00000 0.00000 0.00000 0.00000 0.00000 0.00000 0.00000 0.00000 0.00000 0.00041 0.00041 0.00061 0.00061 0.00051 0.00051 0.00007 0.00007 0.00007 0.00007 0.00000 0.00000 0.00031 0.00031 0.00075 0.00075 0.00005 0.00005 0.00000 0.00000 0.00069 0.00069 0.00048 0.00048 0.01191 0.01191 0.01790 0.01790 0.02256 0.02256 0.01879 0.01879 0.02562 0.02562 0.18275 0.18275 0.50842 0.50842 0.08253 0.08253 0.02547 
0.00000 0.00000 0.00000 0.00000 0.00000 0.00000 0.00000 0.00000 0.00000 0.00000 0.00000 0.00000 0.00000 0.00000 0.00000 0.00000 0.00000 0.00000 0.00000 0.00000 0.00000 0.00000 0.00000 0.00000 0.00000 0.00000 0.00000 0.00000 0.00000 0.00000 0.00000 0.00000 0.00041 0.00041 0.00061 0.00061 0.00051 0.00051 0.00007 0.00007 0.00007 0.00007 0.00000 0.00000 0.00031 0.00031 0.00075 0.00075 0.00005 0.00005 0.00000 0.00000 0.00069 0.00069 0.00048 0.00048 0.01191 0.01191 0.01790 0.01790 0.02256 0.02256 0.01879 0.01879 0.02562 0.02562 0.18275 0.18275 0.50842 0.50842 0.08253 
0.00000 0.00000 0.00000 0.00000 0.00000 0.00000 0.00000 0.00000 0.00000 0.00000 0.00000 0.00000 0.00000 0.00000 0.00000 0.00000 0.00000 0.00000 0.00000 0.00000 0.00000 0.00000 0.00000 0.00000 0.00000 0.00000 0.00000 0.00000 0.00000 0.00000 0.00000 0.00000 0.00000 0.00000 0.00041 0.00041 0.00061 0.00061 0.00051 0.00051 0.00007 0.00007 0.00007 0.00007 0.00000 0.00000 0.00031 0.00031 0.00075 0.00075 0.00005 0.00005 0.00000 0.00000 0.00069 0.00069 0.00048 0.00048 0.01191 0.01191 0.01790 0.01790 0.02256 0.02256 0.01879 0.01879 0.02562 0.02562 0.18275 0.18275 0.50842 
