0 0 0 0 0 0 0 0 0 0 0 0 0 0 0 0 0 0 0 0 0 0 0 0 0 0 0 0 0 0 0 0 0 0 0 0 0 0 0 0 0 0 0 0 0 0 0 0 0 0 0 0 0 0 0 0 0 0 0 0 0 
0 0 0 0 0 0 0 0 0 0 0 0 0 0 0 0 0 0 0 0 0 0 0 0 0 0 0 0 0 0 0 0 0 0 0 0 0 0 0 0 0 0 0 0 0 0 0 0 0 0 0 0 0 0 0 0 0 0 0 0 0 
0 0 0 0 0 0 0 0 0 0 0 0 0 0 0 0 0 0 0 0 0 0 0 0 0 0 0 0 0 0 0 0 0 0 0 0 0 0 0 0 0 0 0 0 0 0 0 0 0 0 0 0 0 0 0 0 0 0 0 0 0 
0 0 0 0 0 0 0 0 0 0 0 0 0 0 0 0 0 0 0 0 0 0 0 0 0 0 0 0 0 0 0 0 0 0 0 0 0 0 0 0 0 0 0 0 0 0 0 0 0 0 0 0 0 0 0 0 0 0 0 0 0 
0 0 289 310 2603 0 0 0 0 0 0 0 0 0 0 24781 17305 14867 6788 61 45 684 1317 414 3 0 0 2206 0 45 123 178 45 154 0 0 0 0 486 0 0 0 0 0 0 0 0 0 0 0 0 0 0 0 0 0 0 0 0 0 0 
0 0 0 0 658 0 0 0 609 0 0 0 0 0 0 30 350 533 10082 18268 16981 14363 8334 1180 10 0 1 41 49 77 33 832 160 80 625 0 0 0 0 0 0 0 0 0 0 0 0 0 0 0 0 0 0 0 0 0 0 0 0 0 0 
0 0 0 0 0 0 0 0 0 0 0 0 0 0 0 0 276 0 0 0 0 30 805 1200 786 0 1 19 36 90 5 0 0 0 0 0 0 0 0 0 0 0 0 0 0 0 0 0 0 0 0 0 0 0 0 0 0 0 0 0 0 
0 0 0 0 166 0 0 0 0 0 0 0 0 0 0 0 483 51 15 104 232 0 240 316 19 0 0 399 1422 3176 2185 911 167 338 0 0 0 0 0 0 0 0 0 0 0 0 0 0 0 0 0 0 0 0 0 0 0 0 0 0 0 
0 180 0 0 0 0 0 0 99 0 184 0 0 0 0 0 385 165 25 0 178 200 0 0 0 0 0 379 84 807 7297 16634 19654 29960 24025 1427 482 494 402 1 11 7 8 0 0 0 0 0 0 0 0 0 0 0 0 0 0 0 0 0 0 
0 128 0 0 0 219 0 0 0 0 381 0 0 0 0 0 0 82 0 0 0 0 0 3 0 0 0 0 0 0 544 104 3142 3505 4117 6593 6524 6922 6076 479 1077 813 456 240 798 0 0 0 0 226 0 0 0 0 0 3 0 0 0 0 0 
0 0 0 0 0 0 0 1029 0 0 0 0 0 0 0 0 0 0 0 0 0 0 0 34 110 0 0 0 0 33 0 0 217 30 44 34 92 3926 3031 1485 2225 2121 2254 1836 134 321 226 29 85 81 185 52 0 0 39 123 0 0 0 0 0 
0 0 0 0 0 0 0 0 0 0 0 0 0 0 0 0 0 5 0 0 0 0 0 0 0 0 0 0 0 19 0 13 0 12 17 1 278 98 180 139 309 601 1587 2567 1608 83 608 41 44 102 26 138 0 0 52 0 7 0 9 0 0 
0 0 0 0 0 0 0 0 0 0 0 0 0 0 0 0 0 0 0 0 0 0 0 0 0 0 0 0 0 0 0 0 0 0 0 0 0 0 0 0 0 0 0 0 0 0 0 0 0 0 0 0 0 0 0 0 0 0 0 0 0 
0 0 0 0 0 0 0 0 0 0 0 0 0 0 0 0 0 0 0 0 0 0 0 0 0 0 0 0 0 0 0 0 0 0 0 0 0 0 0 0 0 0 0 0 0 0 0 0 0 0 0 0 0 0 0 0 0 0 0 0 0 
0 0 0 0 0 0 0 0 0 0 0 0 0 0 0 0 0 0 0 0 0 0 0 0 0 0 0 0 0 0 0 0 0 0 0 0 0 0 0 0 0 0 0 0 0 0 0 0 0 0 0 0 0 0 0 0 0 0 0 0 0 
0 0 0 0 0 0 0 0 0 0 0 0 0 0 0 0 0 0 0 0 0 0 0 0 0 0 0 0 0 0 0 0 0 0 0 0 0 0 0 0 0 0 0 0 0 0 0 0 0 0 0 0 0 0 0 0 0 0 0 0 0 
