0.000000
0.000000
0.000000
0.000000
0.000000
0.000000
0.000000
0.000000
0.000000
0.000000
0.000000
0.000000
0.000000
0.000000
0.000000
0.089090
0.065292
0.043561
0.054631
0.050631
0.055167
0.042957
0.030841
0.006258
0.002382
0.000000
0.000000
0.002376
0.003804
0.009953
0.031541
0.058216
0.061997
0.103636
0.090406
0.022524
0.023096
0.036059
0.035493
0.005221
0.017304
0.015244
0.016086
0.015342
0.007363
0.000966
0.002560
0.000000
0.000000
0.000000
0.000000
0.000000
0.000000
0.000000
0.000000
0.000000
0.000000
0.000000
0.000000
0.000000
0.000000
