0.000000
0.002367
0.000000
0.000000
0.000000
0.000000
0.000000
0.000000
0.000000
0.000000
0.015988
0.000000
0.000000
0.000000
0.007467
0.079505
0.052957
0.044127
0.051573
0.052323
0.054116
0.040524
0.030323
0.006667
0.002418
0.000601
0.000000
0.002563
0.004599
0.008498
0.038412
0.049479
0.073283
0.090868
0.097881
0.022412
0.024415
0.034154
0.037564
0.006397
0.014670
0.007890
0.021022
0.012847
0.007399
0.001393
0.002433
0.000486
0.000000
0.000000
0.000379
0.000000
0.000000
0.000000
0.000000
0.000000
0.000000
0.000000
0.000000
0.000000
0.000000
