0.000000 0.000000 0.249261 0.000000 0.000000 0.000000 0.076449 0.012761 0.000000 0.034359 0.017197 0.067794 0.043631 0.000000 0.000000 0.002534 0.004656 0.004123 0.016660 0.040531 0.049766 0.156195 0.016189 0.009461 0.005706 0.011318 0.013703 0.006809 0.018008 0.014391 0.005543 0.013660 0.011662 0.012748 0.011020 0.012490 0.006103 0.005605 0.003691 0.004283 0.004968 0.000722 0.000237 0.001090 0.003559 0.002713 0.006164 0.006983 0.002391 0.005959 0.001852 0.003356 0.000300 0.000120 0.001124 0.000000 0.000092 0.000045 0.000018 
0.000000 0.000000 0.603038 0.000000 0.000000 0.000000 0.042192 0.007043 0.000000 0.016769 0.008484 0.033446 0.021756 0.000000 0.000000 0.001278 0.002372 0.002101 0.008582 0.020879 0.025920 0.081353 0.008522 0.004981 0.003037 0.006023 0.007373 0.003663 0.009794 0.007827 0.003047 0.007510 0.006482 0.007085 0.006193 0.007019 0.003467 0.003184 0.002119 0.002459 0.002884 0.000419 0.000139 0.000640 0.002111 0.001609 0.003696 0.004187 0.001450 0.003615 0.001134 0.002055 0.000186 0.000074 0.000705 0.000000 0.000058 0.000029 0.000011 
0.000000 0.000000 0.275744 0.000000 0.000000 0.000000 0.325756 0.054378 0.000000 0.017451 0.007808 0.030780 0.020239 0.000000 0.000000 0.001201 0.002255 0.001998 0.008247 0.020064 0.025179 0.079025 0.008370 0.004892 0.003015 0.005979 0.007399 0.003676 0.009937 0.007941 0.003125 0.007702 0.006720 0.007345 0.006491 0.007356 0.003674 0.003374 0.002270 0.002634 0.003122 0.000454 0.000152 0.000700 0.002336 0.001780 0.004134 0.004683 0.001640 0.004088 0.001297 0.002350 0.000214 0.000086 0.000824 0.000000 0.000069 0.000034 0.000014 
0.000000 0.000000 0.009007 0.000000 0.000000 0.000000 0.671299 0.112058 0.000000 0.060863 0.003670 0.014470 0.008414 0.000000 0.000000 0.000505 0.000958 0.000848 0.003542 0.008616 0.010929 0.034303 0.003673 0.002146 0.001337 0.002653 0.003318 0.001649 0.004505 0.003600 0.001432 0.003530 0.003113 0.003403 0.003040 0.003445 0.001739 0.001597 0.001086 0.001261 0.001510 0.000220 0.000074 0.000342 0.001155 0.000880 0.002066 0.002341 0.000829 0.002065 0.000662 0.001200 0.000111 0.000044 0.000430 0.000000 0.000036 0.000018 0.000007 
0.000000 0.000000 0.003980 0.000000 0.000000 0.000000 0.338529 0.056510 0.000000 0.306220 0.031254 0.123209 0.009657 0.000000 0.000000 0.000512 0.000983 0.000871 0.003672 0.008935 0.011459 0.035965 0.003892 0.002275 0.001433 0.002842 0.003594 0.001786 0.004932 0.003941 0.001585 0.003907 0.003483 0.003808 0.003438 0.003896 0.001988 0.001826 0.001256 0.001457 0.001765 0.000257 0.000088 0.000404 0.001379 0.001051 0.002494 0.002826 0.001011 0.002520 0.000817 0.001481 0.000138 0.000055 0.000542 0.000000 0.000046 0.000023 0.000009 
0.000000 0.000000 0.003131 0.000000 0.000000 0.000000 0.022690 0.003788 0.000000 0.129779 0.132153 0.520968 0.069104 0.000000 0.000000 0.000494 0.000838 0.000743 0.003167 0.007704 0.009986 0.031343 0.003430 0.002004 0.001276 0.002531 0.003235 0.001608 0.004489 0.003588 0.001459 0.003594 0.003240 0.003542 0.003233 0.003664 0.001890 0.001736 0.001207 0.001400 0.001715 0.000249 0.000086 0.000397 0.001369 0.001043 0.002503 0.002835 0.001026 0.002557 0.000838 0.001519 0.000143 0.000057 0.000568 0.000000 0.000049 0.000024 0.000010 
0.000000 0.000000 0.003499 0.000000 0.000000 0.000000 0.012043 0.002010 0.000000 0.012433 0.080051 0.315573 0.417630 0.000000 0.000000 0.005055 0.001156 0.001024 0.003861 0.009392 0.012307 0.038626 0.004272 0.002497 0.001607 0.003188 0.004119 0.002047 0.005777 0.004617 0.001898 0.004676 0.004261 0.004657 0.004298 0.004871 0.002540 0.002333 0.001639 0.001902 0.002355 0.000342 0.000120 0.000552 0.001922 0.001465 0.003551 0.004023 0.001471 0.003666 0.001215 0.002202 0.000210 0.000084 0.000842 0.000000 0.000073 0.000036 0.000015 
0.000000 0.000000 0.006871 0.000000 0.000000 0.000000 0.024049 0.004014 0.000000 0.011721 0.013622 0.053700 0.449360 0.000000 0.000000 0.054261 0.020998 0.018598 0.009454 0.023000 0.026652 0.083648 0.009352 0.005465 0.003556 0.007053 0.009214 0.004578 0.013063 0.010439 0.004338 0.010689 0.009846 0.010763 0.010039 0.011378 0.005999 0.005509 0.003914 0.004542 0.005683 0.000826 0.000293 0.001346 0.004739 0.003612 0.008855 0.010031 0.003708 0.009241 0.003094 0.005609 0.000541 0.000216 0.002191 0.000000 0.000193 0.000096 0.000040 
0.000000 0.000000 0.006542 0.000000 0.000000 0.000000 0.023398 0.003906 0.000000 0.011471 0.006294 0.024811 0.037474 0.000000 0.000000 0.028612 0.110470 0.097845 0.084174 0.204780 0.031985 0.100387 0.009925 0.005800 0.003815 0.007566 0.009990 0.004964 0.014320 0.011444 0.004807 0.011846 0.011030 0.012057 0.011371 0.012887 0.006868 0.006307 0.004529 0.005256 0.006649 0.000966 0.000346 0.001591 0.005666 0.004318 0.010702 0.012124 0.004531 0.011293 0.003823 0.006928 0.000675 0.000270 0.002766 0.000000 0.000246 0.000122 0.000052 
0.000000 0.000000 0.001949 0.000000 0.000000 0.000000 0.007122 0.001189 0.000000 0.003530 0.001948 0.007679 0.005476 0.000000 0.000000 0.000755 0.018422 0.016317 0.140047 0.340712 0.090064 0.282673 0.003767 0.002201 0.001280 0.002539 0.003390 0.001684 0.004911 0.003925 0.001667 0.004107 0.003866 0.004226 0.004028 0.004565 0.002460 0.002259 0.001640 0.001903 0.002434 0.000354 0.000128 0.000589 0.002119 0.001615 0.004046 0.004584 0.001732 0.004317 0.001477 0.002678 0.000264 0.000105 0.001092 0.000000 0.000098 0.000049 0.000021 
0.000000 0.000000 0.000761 0.000000 0.000000 0.000000 0.002843 0.000475 0.000000 0.001424 0.000795 0.003133 0.002247 0.000000 0.000000 0.000146 0.000644 0.000571 0.030964 0.075331 0.198672 0.623545 0.014063 0.008218 0.000644 0.001278 0.001508 0.000749 0.002209 0.001765 0.000758 0.001867 0.001777 0.001942 0.001872 0.002121 0.001155 0.001061 0.000779 0.000904 0.001168 0.000170 0.000062 0.000286 0.001040 0.000792 0.002007 0.002273 0.000868 0.002164 0.000749 0.001357 0.000135 0.000054 0.000566 0.000000 0.000051 0.000025 0.000011 
0.000000 0.000000 0.001118 0.000000 0.000000 0.000000 0.004269 0.000713 0.000000 0.002162 0.001219 0.004806 0.003485 0.000000 0.000000 0.000228 0.000474 0.000420 0.004117 0.010015 0.167009 0.524169 0.117942 0.068927 0.009145 0.018138 0.002886 0.001434 0.003737 0.002987 0.001296 0.003193 0.003072 0.003358 0.003271 0.003707 0.002041 0.001875 0.001391 0.001614 0.002109 0.000307 0.000113 0.000521 0.001918 0.001462 0.003743 0.004240 0.001637 0.004080 0.001427 0.002586 0.000260 0.000104 0.001102 0.000000 0.000101 0.000050 0.000022 
0.000000 0.000000 0.002384 0.000000 0.000000 0.000000 0.009303 0.001553 0.000000 0.004763 0.002716 0.010706 0.007847 0.000000 0.000000 0.000519 0.001086 0.000962 0.004449 0.010825 0.032583 0.102263 0.145493 0.085028 0.112555 0.223235 0.060109 0.029868 0.010493 0.008386 0.003217 0.007929 0.007709 0.008427 0.008298 0.009405 0.005235 0.004808 0.003605 0.004183 0.005527 0.000803 0.000300 0.001382 0.005137 0.003915 0.010133 0.011479 0.004481 0.011167 0.003948 0.007155 0.000728 0.000291 0.003115 0.000000 0.000289 0.000143 0.000064 
0.000000 0.000000 0.001948 0.000000 0.000000 0.000000 0.007767 0.001297 0.000000 0.004021 0.002318 0.009136 0.006770 0.000000 0.000000 0.000453 0.000958 0.000848 0.003946 0.009599 0.013641 0.042812 0.010994 0.006425 0.053779 0.106661 0.286535 0.142378 0.084654 0.067652 0.003499 0.008622 0.007413 0.008104 0.008066 0.009142 0.005143 0.004724 0.003581 0.004156 0.005550 0.000807 0.000305 0.001402 0.005272 0.004018 0.010511 0.011907 0.004698 0.011710 0.004185 0.007586 0.000780 0.000312 0.003374 0.000000 0.000317 0.000157 0.000070 
0.000000 0.000000 0.001244 0.000000 0.000000 0.000000 0.005069 0.000846 0.000000 0.002652 0.001545 0.006092 0.004564 0.000000 0.000000 0.000309 0.000660 0.000584 0.002748 0.006685 0.009556 0.029992 0.003636 0.002125 0.003210 0.006367 0.108157 0.053742 0.318801 0.254774 0.022300 0.054953 0.006368 0.006962 0.006128 0.006945 0.003950 0.003627 0.002780 0.003226 0.004355 0.000633 0.000242 0.001112 0.004227 0.003222 0.008522 0.009654 0.003850 0.009596 0.003467 0.006284 0.000654 0.000261 0.002857 0.000000 0.000271 0.000134 0.000061 
0.000000 0.000000 0.001079 0.000000 0.000000 0.000000 0.004493 0.000750 0.000000 0.002376 0.001400 0.005518 0.004179 0.000000 0.000000 0.000286 0.000617 0.000547 0.002600 0.006325 0.009139 0.028684 0.003498 0.002044 0.001458 0.002892 0.008866 0.004406 0.165244 0.132057 0.115319 0.284180 0.055738 0.060929 0.007229 0.008193 0.004121 0.003784 0.002931 0.003402 0.004642 0.000675 0.000261 0.001199 0.004605 0.003510 0.009383 0.010630 0.004286 0.010683 0.003902 0.007072 0.000743 0.000297 0.003286 0.000000 0.000315 0.000156 0.000072 
0.000000 0.000000 0.000815 0.000000 0.000000 0.000000 0.003468 0.000579 0.000000 0.001854 0.001104 0.004352 0.003332 0.000000 0.000000 0.000230 0.000503 0.000446 0.002141 0.005210 0.007609 0.023883 0.002944 0.001721 0.001234 0.002448 0.003544 0.001761 0.011922 0.009527 0.052607 0.129640 0.253683 0.277310 0.055685 0.063110 0.004278 0.003929 0.002691 0.003123 0.004309 0.000626 0.000244 0.001125 0.004367 0.003329 0.008996 0.010191 0.004154 0.010353 0.003823 0.006929 0.000736 0.000295 0.003290 0.000000 0.000319 0.000158 0.000073 
0.000000 0.000000 0.000614 0.000000 0.000000 0.000000 0.002672 0.000446 0.000000 0.001444 0.000869 0.003427 0.002652 0.000000 0.000000 0.000185 0.000409 0.000363 0.001761 0.004285 0.006327 0.019859 0.002475 0.001446 0.001049 0.002080 0.003029 0.001505 0.004810 0.003844 0.003831 0.009442 0.116823 0.127703 0.255843 0.289955 0.033266 0.030551 0.002821 0.003273 0.003993 0.000580 0.000229 0.001054 0.004136 0.003152 0.008613 0.009757 0.004020 0.010019 0.003740 0.006779 0.000728 0.000291 0.003289 0.000000 0.000323 0.000160 0.000075 
0.000000 0.000000 0.000630 0.000000 0.000000 0.000000 0.002800 0.000467 0.000000 0.001530 0.000931 0.003670 0.002871 0.000000 0.000000 0.000203 0.000453 0.000401 0.001970 0.004792 0.007153 0.022452 0.002829 0.001653 0.001212 0.002404 0.003538 0.001758 0.005651 0.004516 0.002125 0.005237 0.011695 0.012785 0.161952 0.183546 0.210095 0.192944 0.030151 0.034986 0.005753 0.000836 0.000292 0.001342 0.005326 0.004059 0.011211 0.012700 0.005291 0.013186 0.004975 0.009018 0.000979 0.000392 0.004471 0.000000 0.000443 0.000220 0.000104 
0.000000 0.000000 0.000657 0.000000 0.000000 0.000000 0.002984 0.000498 0.000000 0.001648 0.001014 0.003997 0.003161 0.000000 0.000000 0.000226 0.000509 0.000451 0.002240 0.005449 0.008224 0.025812 0.003288 0.001921 0.001424 0.002824 0.004202 0.002088 0.006786 0.005423 0.002567 0.006325 0.006669 0.007290 0.016668 0.018890 0.136723 0.125562 0.195759 0.227155 0.063218 0.009189 0.000432 0.001988 0.006976 0.005317 0.014843 0.016815 0.007080 0.017646 0.006731 0.012201 0.001339 0.000536 0.006182 0.000000 0.000620 0.000307 0.000147 
0.000000 0.000000 0.000631 0.000000 0.000000 0.000000 0.002932 0.000489 0.000000 0.001636 0.001018 0.004012 0.003207 0.000000 0.000000 0.000231 0.000528 0.000468 0.002348 0.005711 0.008713 0.027347 0.003521 0.002058 0.001542 0.003058 0.004600 0.002286 0.007509 0.006001 0.002871 0.007075 0.007504 0.008203 0.008854 0.010035 0.013109 0.012039 0.118683 0.137717 0.382389 0.055580 0.004425 0.020353 0.009626 0.007336 0.018112 0.020518 0.008733 0.021765 0.008392 0.015210 0.001688 0.000675 0.007876 0.000000 0.000798 0.000395 0.000191 
0.000000 0.000000 0.000663 0.000000 0.000000 0.000000 0.003144 0.000525 0.000000 0.001776 0.001116 0.004399 0.003555 0.000000 0.000000 0.000259 0.000598 0.000530 0.002689 0.006541 0.010087 0.031660 0.004121 0.002408 0.001824 0.003618 0.005502 0.002734 0.009080 0.007256 0.003509 0.008648 0.009272 0.010135 0.011005 0.012472 0.007692 0.007064 0.012570 0.014586 0.256078 0.037221 0.029562 0.135986 0.108844 0.082957 0.027605 0.031272 0.011770 0.029335 0.011434 0.020723 0.002325 0.000930 0.010966 0.000000 0.001124 0.000557 0.000272 
0.000000 0.000000 0.000283 0.000000 0.000000 0.000000 0.001368 0.000228 0.000000 0.000781 0.000497 0.001958 0.001599 0.000000 0.000000 0.000118 0.000275 0.000244 0.001249 0.003039 0.004738 0.014869 0.001956 0.001143 0.000875 0.001736 0.002669 0.001326 0.004453 0.003559 0.001740 0.004288 0.004647 0.005080 0.005576 0.006320 0.003921 0.003601 0.003025 0.003510 0.011122 0.001617 0.008118 0.037345 0.298222 0.227293 0.128008 0.145011 0.007357 0.018335 0.006320 0.011454 0.001299 0.000520 0.006193 0.000000 0.000641 0.000318 0.000157 
0.000000 0.000000 0.000111 0.000000 0.000000 0.000000 0.000548 0.000091 0.000000 0.000316 0.000203 0.000800 0.000661 0.000000 0.000000 0.000049 0.000116 0.000103 0.000533 0.001297 0.002045 0.006418 0.000854 0.000499 0.000386 0.000766 0.001190 0.000591 0.002007 0.001604 0.000793 0.001954 0.002141 0.002340 0.002597 0.002943 0.001846 0.001695 0.001432 0.001662 0.002486 0.000361 0.000328 0.001507 0.076083 0.057988 0.325824 0.369104 0.031691 0.078985 0.003669 0.006651 0.000667 0.000267 0.003214 0.000000 0.000337 0.000167 0.000083 
0.000000 0.000000 0.000081 0.000000 0.000000 0.000000 0.000408 0.000068 0.000000 0.000238 0.000154 0.000609 0.000508 0.000000 0.000000 0.000038 0.000091 0.000081 0.000424 0.001032 0.001643 0.005158 0.000694 0.000405 0.000317 0.000629 0.000988 0.000491 0.001685 0.001346 0.000673 0.001658 0.001837 0.002008 0.002252 0.002552 0.001618 0.001486 0.001269 0.001473 0.002216 0.000322 0.000138 0.000634 0.005780 0.004405 0.156504 0.177293 0.151873 0.378515 0.029761 0.053941 0.000729 0.000292 0.003107 0.000000 0.000329 0.000163 0.000082 
0.000000 0.000000 0.000080 0.000000 0.000000 0.000000 0.000413 0.000069 0.000000 0.000243 0.000160 0.000630 0.000531 0.000000 0.000000 0.000040 0.000098 0.000086 0.000458 0.001113 0.001793 0.005628 0.000765 0.000447 0.000354 0.000701 0.001114 0.000553 0.001920 0.001534 0.000775 0.001910 0.002138 0.002338 0.002651 0.003004 0.001925 0.001768 0.001527 0.001772 0.002695 0.000392 0.000169 0.000776 0.003338 0.002544 0.016313 0.018480 0.100098 0.249474 0.195697 0.354701 0.008114 0.003246 0.004661 0.000000 0.000436 0.000216 0.000110 
0.000000 0.000000 0.000130 0.000000 0.000000 0.000000 0.000685 0.000114 0.000000 0.000409 0.000271 0.001068 0.000912 0.000000 0.000000 0.000070 0.000171 0.000151 0.000811 0.001974 0.003212 0.010082 0.001386 0.000810 0.000647 0.001284 0.002061 0.001024 0.003592 0.002870 0.001466 0.003612 0.004088 0.004469 0.005124 0.005807 0.003762 0.003455 0.003016 0.003500 0.005382 0.000782 0.000340 0.001566 0.006777 0.005165 0.015638 0.017715 0.017319 0.043165 0.214099 0.388055 0.088566 0.035426 0.086104 0.000000 0.001086 0.000538 0.000243 
0.000000 0.000000 0.000138 0.000000 0.000000 0.000000 0.000747 0.000125 0.000000 0.000449 0.000302 0.001189 0.001025 0.000000 0.000000 0.000080 0.000196 0.000174 0.000942 0.002291 0.003773 0.011843 0.001644 0.000961 0.000777 0.001541 0.002500 0.001242 0.004404 0.003519 0.001817 0.004477 0.005122 0.005600 0.006489 0.007354 0.004817 0.004424 0.003904 0.004530 0.007043 0.001024 0.000450 0.002071 0.009063 0.006907 0.021035 0.023829 0.010998 0.027411 0.024540 0.044480 0.064189 0.025676 0.622610 0.000000 0.013293 0.006585 0.000400 
0.000000 0.000000 0.000160 0.000000 0.000000 0.000000 0.000884 0.000148 0.000000 0.000539 0.000365 0.001439 0.001256 0.000000 0.000000 0.000099 0.000246 0.000218 0.001191 0.002898 0.004823 0.015137 0.002127 0.001243 0.001015 0.002014 0.003304 0.001642 0.005882 0.004701 0.002453 0.006045 0.006993 0.007644 0.008954 0.010148 0.006719 0.006171 0.005506 0.006389 0.010041 0.001459 0.000649 0.002985 0.013203 0.010063 0.030979 0.035094 0.016293 0.040607 0.017163 0.031108 0.008103 0.003241 0.496966 0.000000 0.105859 0.052438 0.005396 
0.000000 0.000000 0.000000 0.000000 0.000000 0.000000 0.000000 0.000000 0.000000 0.000000 0.000000 0.000000 0.000000 0.000000 0.000000 0.000000 0.000000 0.000000 0.000000 0.000000 0.000000 0.000000 0.000000 0.000000 0.000000 0.000000 0.000000 0.000000 0.000000 0.000000 0.000000 0.000000 0.000000 0.000000 0.000000 0.000000 0.000000 0.000000 0.000000 0.000000 0.000000 0.000000 0.000000 0.000000 0.000000 0.000000 0.000000 0.000000 0.000000 0.000000 0.000000 0.000000 0.000000 0.000000 0.000000 0.000000 0.000000 0.000000 0.000000 
0.000000 0.000000 0.000000 0.000000 0.000000 0.000000 0.000000 0.000000 0.000000 0.000000 0.000000 0.000000 0.000000 0.000000 0.000000 0.000000 0.000000 0.000000 0.000000 0.000000 0.000000 0.000000 0.000000 0.000000 0.000000 0.000000 0.000000 0.000000 0.000000 0.000000 0.000000 0.000000 0.000000 0.000000 0.000000 0.000000 0.000000 0.000000 0.000000 0.000000 0.000000 0.000000 0.000000 0.000000 0.000000 0.000000 0.000000 0.000000 0.000000 0.000000 0.000000 0.000000 0.000000 0.000000 0.000000 0.000000 0.000000 0.000000 0.000000 
