0.000000 0.000000 0.000000 0.000000 0.000000 0.000000 0.000000 0.000000 0.000000 0.000000 0.000000 0.000000 0.000000 0.000000 0.000000 0.000000 0.000000 0.000000 0.000000 0.000000 0.000000 0.000000 0.000000 0.000000 0.000000 0.000000 0.000000 0.000000 0.000000 0.000000 0.000000 0.000000 0.000000 0.000000 0.000000 0.000000 0.000000 0.000000 0.000000 0.000000 0.000000 0.000000 0.000000 0.000000 0.000000 0.000000 0.000000 0.000000 0.000000 0.000000 0.000000 0.000000 0.000000 0.000000 0.000000 0.000000 0.000000 0.000000 0.000000 0.000000 0.000000 0.000000 0.000000 0.000000 0.000000 0.000000 
0.000000 0.000000 0.000000 0.000000 0.000000 0.000000 0.000000 0.000000 0.000000 0.000000 0.000000 0.000000 0.000000 0.000000 0.000000 0.000000 0.000000 0.000000 0.000000 0.000000 0.000000 0.000000 0.000000 0.000000 0.000000 0.000000 0.000000 0.000000 0.000000 0.000000 0.000000 0.000000 0.000000 0.000000 0.000000 0.000000 0.000000 0.000000 0.000000 0.000000 0.000000 0.000000 0.000000 0.000000 0.000000 0.000000 0.000000 0.000000 0.000000 0.000000 0.000000 0.000000 0.000000 0.000000 0.000000 0.000000 0.000000 0.000000 0.000000 0.000000 0.000000 0.000000 0.000000 0.000000 0.000000 0.000000 
0.000000 0.000000 0.000000 0.000000 0.000000 0.000000 0.000000 0.000000 0.000000 0.000000 0.000000 0.000000 0.000000 0.000000 0.000000 0.000000 0.000000 0.000000 0.000000 0.000000 0.000000 0.000000 0.000000 0.000000 0.000000 0.000000 0.000000 0.000000 0.000000 0.000000 0.000000 0.000000 0.000000 0.000000 0.000000 0.000000 0.000000 0.000000 0.000000 0.000000 0.000000 0.000000 0.000000 0.000000 0.000000 0.000000 0.000000 0.000000 0.000000 0.000000 0.000000 0.000000 0.000000 0.000000 0.000000 0.000000 0.000000 0.000000 0.000000 0.000000 0.000000 0.000000 0.000000 0.000000 0.000000 0.000000 
0.000000 0.000000 0.000000 0.000000 0.000000 0.000000 0.000000 0.000000 0.000000 0.000000 0.000000 0.000000 0.000000 0.000000 0.000000 0.000000 0.000000 0.000000 0.000000 0.000000 0.000000 0.000000 0.000000 0.000000 0.000000 0.000000 0.000000 0.000000 0.000000 0.000000 0.000000 0.000000 0.000000 0.000000 0.000000 0.000000 0.000000 0.000000 0.000000 0.000000 0.000000 0.000000 0.000000 0.000000 0.000000 0.000000 0.000000 0.000000 0.000000 0.000000 0.000000 0.000000 0.000000 0.000000 0.000000 0.000000 0.000000 0.000000 0.000000 0.000000 0.000000 0.000000 0.000000 0.000000 0.000000 0.000000 
0.000000 0.000000 0.000000 0.000000 0.000000 0.000000 0.000000 0.000000 0.000000 0.000000 0.000000 0.000000 0.000000 0.000000 0.000000 0.000000 0.000000 0.000000 0.000000 0.000000 0.000000 0.000000 0.000000 0.000000 0.000000 0.000000 0.000000 0.000000 0.000000 0.000000 0.000000 0.000000 0.000000 0.000000 0.000000 0.000000 0.000000 0.000000 0.000000 0.000000 0.000000 0.000000 0.000000 0.000000 0.000000 0.000000 0.000000 0.000000 0.000000 0.000000 0.000000 0.000000 0.000000 0.000000 0.000000 0.000000 0.000000 0.000000 0.000000 0.000000 0.000000 0.000000 0.000000 0.000000 0.000000 0.000000 
0.000000 0.000000 0.000000 0.000000 0.000000 0.000000 0.000000 0.000000 0.000000 0.000000 0.000000 0.000000 0.000000 0.000000 0.000000 0.000000 0.000000 0.000000 0.000000 0.000000 0.000000 0.000000 0.000000 0.000000 0.000000 0.000000 0.000000 0.000000 0.000000 0.000000 0.000000 0.000000 0.000000 0.000000 0.000000 0.000000 0.000000 0.000000 0.000000 0.000000 0.000000 0.000000 0.000000 0.000000 0.000000 0.000000 0.000000 0.000000 0.000000 0.000000 0.000000 0.000000 0.000000 0.000000 0.000000 0.000000 0.000000 0.000000 0.000000 0.000000 0.000000 0.000000 0.000000 0.000000 0.000000 0.000000 
0.000000 0.000000 0.000000 0.000000 0.000000 0.000000 0.000000 0.000000 0.000000 0.000000 0.000000 0.000000 0.000000 0.000000 0.000000 0.000000 0.000000 0.000000 0.000000 0.000000 0.000000 0.000000 0.000000 0.000000 0.000000 0.000000 0.000000 0.000000 0.000000 0.000000 0.000000 0.000000 0.000000 0.000000 0.000000 0.000000 0.000000 0.000000 0.000000 0.000000 0.000000 0.000000 0.000000 0.000000 0.000000 0.000000 0.000000 0.000000 0.000000 0.000000 0.000000 0.000000 0.000000 0.000000 0.000000 0.000000 0.000000 0.000000 0.000000 0.000000 0.000000 0.000000 0.000000 0.000000 0.000000 0.000000 
0.000000 0.000000 0.000000 0.000000 0.000000 0.000000 0.000000 0.000000 0.000000 0.000000 0.000000 0.000000 0.000000 0.000000 0.000000 0.000000 0.000000 0.000000 0.000000 0.000000 0.000000 0.000000 0.000000 0.000000 0.000000 0.000000 0.000000 0.000000 0.000000 0.000000 0.000000 0.000000 0.000000 0.000000 0.000000 0.000000 0.000000 0.000000 0.000000 0.000000 0.000000 0.000000 0.000000 0.000000 0.000000 0.000000 0.000000 0.000000 0.000000 0.000000 0.000000 0.000000 0.000000 0.000000 0.000000 0.000000 0.000000 0.000000 0.000000 0.000000 0.000000 0.000000 0.000000 0.000000 0.000000 0.000000 
0.000000 0.000000 0.000000 0.000000 0.000000 0.000000 0.000000 0.000000 0.000000 0.000000 0.000000 0.000000 0.000000 0.000000 0.000000 0.000000 0.000000 0.000000 0.000000 0.000000 0.000000 0.000000 0.000000 0.000000 0.000000 0.000000 0.000000 0.000000 0.000000 0.000000 0.000000 0.000000 0.000000 0.000000 0.000000 0.000000 0.000000 0.000000 0.000000 0.000000 0.000000 0.000000 0.000000 0.000000 0.000000 0.000000 0.000000 0.000000 0.000000 0.000000 0.000000 0.000000 0.000000 0.000000 0.000000 0.000000 0.000000 0.000000 0.000000 0.000000 0.000000 0.000000 0.000000 0.000000 0.000000 0.000000 
0.000000 0.001411 0.000000 0.001834 0.010091 0.002326 0.000000 0.007918 0.000000 0.000000 0.009424 0.003572 0.000000 0.000000 0.001642 0.000000 0.000000 0.000000 0.778647 0.000000 0.000000 0.000000 0.000000 0.016975 0.000000 0.000068 0.000471 0.001077 0.001971 0.003811 0.004378 0.002348 0.005515 0.003757 0.003378 0.007615 0.008349 0.015520 0.018009 0.011923 0.006380 0.008462 0.010685 0.007042 0.002052 0.002528 0.002108 0.004735 0.004772 0.004886 0.005044 0.004897 0.002973 0.003605 0.002698 0.003109 0.001574 0.000150 0.000050 0.000037 0.000061 0.000041 0.000058 0.000008 0.000013 0.000000 
0.000000 0.001650 0.000000 0.002168 0.012063 0.002781 0.000000 0.009569 0.000000 0.000000 0.011639 0.004411 0.000000 0.000000 0.000963 0.000000 0.000000 0.000000 0.521177 0.000000 0.000000 0.000000 0.000000 0.191851 0.000000 0.000104 0.000635 0.001451 0.002685 0.005190 0.006026 0.003231 0.007674 0.005229 0.004752 0.010712 0.011871 0.022068 0.025890 0.017142 0.009271 0.012296 0.015696 0.010344 0.003047 0.003754 0.003165 0.007109 0.007242 0.007414 0.007739 0.007513 0.004611 0.005592 0.004231 0.004876 0.002494 0.000238 0.000080 0.000060 0.000099 0.000066 0.000095 0.000014 0.000022 0.000000 
0.000000 0.000000 0.000000 0.000000 0.000000 0.000000 0.000000 0.000000 0.000000 0.000000 0.000000 0.000000 0.000000 0.000000 0.000000 0.000000 0.000000 0.000000 0.000000 0.000000 0.000000 0.000000 0.000000 0.000000 0.000000 0.000000 0.000000 0.000000 0.000000 0.000000 0.000000 0.000000 0.000000 0.000000 0.000000 0.000000 0.000000 0.000000 0.000000 0.000000 0.000000 0.000000 0.000000 0.000000 0.000000 0.000000 0.000000 0.000000 0.000000 0.000000 0.000000 0.000000 0.000000 0.000000 0.000000 0.000000 0.000000 0.000000 0.000000 0.000000 0.000000 0.000000 0.000000 0.000000 0.000000 0.000000 
0.000000 0.000000 0.000000 0.000000 0.000000 0.000000 0.000000 0.000000 0.000000 0.000000 0.000000 0.000000 0.000000 0.000000 0.000000 0.000000 0.000000 0.000000 0.000000 0.000000 0.000000 0.000000 0.000000 0.000000 0.000000 0.000000 0.000000 0.000000 0.000000 0.000000 0.000000 0.000000 0.000000 0.000000 0.000000 0.000000 0.000000 0.000000 0.000000 0.000000 0.000000 0.000000 0.000000 0.000000 0.000000 0.000000 0.000000 0.000000 0.000000 0.000000 0.000000 0.000000 0.000000 0.000000 0.000000 0.000000 0.000000 0.000000 0.000000 0.000000 0.000000 0.000000 0.000000 0.000000 0.000000 0.000000 
0.000000 0.000000 0.000000 0.000000 0.000000 0.000000 0.000000 0.000000 0.000000 0.000000 0.000000 0.000000 0.000000 0.000000 0.000000 0.000000 0.000000 0.000000 0.000000 0.000000 0.000000 0.000000 0.000000 0.000000 0.000000 0.000000 0.000000 0.000000 0.000000 0.000000 0.000000 0.000000 0.000000 0.000000 0.000000 0.000000 0.000000 0.000000 0.000000 0.000000 0.000000 0.000000 0.000000 0.000000 0.000000 0.000000 0.000000 0.000000 0.000000 0.000000 0.000000 0.000000 0.000000 0.000000 0.000000 0.000000 0.000000 0.000000 0.000000 0.000000 0.000000 0.000000 0.000000 0.000000 0.000000 0.000000 
0.000000 0.000992 0.000000 0.001361 0.007907 0.001823 0.000000 0.006551 0.000000 0.000000 0.008692 0.003294 0.000000 0.000000 0.000781 0.000000 0.000000 0.000000 0.017761 0.000000 0.000000 0.000000 0.000000 0.019049 0.000000 0.000199 0.017483 0.039961 0.148775 0.287632 0.068101 0.036518 0.010562 0.007196 0.005974 0.013467 0.015584 0.028970 0.035489 0.023497 0.013274 0.017605 0.023467 0.015465 0.004757 0.005862 0.005161 0.011593 0.012332 0.012626 0.013763 0.013360 0.008565 0.010387 0.008208 0.009458 0.005053 0.000481 0.000169 0.000126 0.000219 0.000146 0.000219 0.000031 0.000053 0.000000 
0.000000 0.000638 0.000000 0.000884 0.005195 0.001197 0.000000 0.004350 0.000000 0.000000 0.005898 0.002236 0.000000 0.000000 0.000541 0.000000 0.000000 0.000000 0.012589 0.000000 0.000000 0.000000 0.000000 0.013729 0.000000 0.000068 0.001074 0.002454 0.057773 0.111695 0.263845 0.141482 0.069253 0.047183 0.005280 0.011902 0.012180 0.022642 0.028038 0.018564 0.010600 0.014058 0.018946 0.012486 0.003882 0.004784 0.004258 0.009564 0.010286 0.010531 0.011603 0.011263 0.007299 0.008852 0.007072 0.008149 0.004401 0.000419 0.000148 0.000111 0.000195 0.000130 0.000197 0.000028 0.000048 0.000000 
0.000000 0.000421 0.000000 0.000590 0.003505 0.000808 0.000000 0.002967 0.000000 0.000000 0.004111 0.001558 0.000000 0.000000 0.000386 0.000000 0.000000 0.000000 0.009165 0.000000 0.000000 0.000000 0.000000 0.010213 0.000000 0.000051 0.000379 0.000867 0.003684 0.007122 0.106383 0.057046 0.278584 0.189805 0.035947 0.081033 0.011177 0.020778 0.022753 0.015064 0.008695 0.011532 0.015709 0.010352 0.003255 0.004010 0.003608 0.008104 0.008810 0.009020 0.010048 0.009754 0.006389 0.007749 0.006258 0.007211 0.003937 0.000375 0.000134 0.000101 0.000178 0.000119 0.000182 0.000026 0.000045 0.000000 
0.000000 0.000258 0.000000 0.000366 0.002197 0.000506 0.000000 0.001880 0.000000 0.000000 0.002662 0.001009 0.000000 0.000000 0.000255 0.000000 0.000000 0.000000 0.006197 0.000000 0.000000 0.000000 0.000000 0.007057 0.000000 0.000035 0.000267 0.000609 0.001222 0.002363 0.006370 0.003416 0.105470 0.071858 0.135779 0.306077 0.071450 0.132823 0.019605 0.012980 0.006625 0.008787 0.012099 0.007974 0.002534 0.003122 0.002840 0.006378 0.007010 0.007177 0.008082 0.007845 0.005196 0.006301 0.005144 0.005927 0.003271 0.000312 0.000113 0.000085 0.000151 0.000101 0.000156 0.000022 0.000039 0.000000 
0.000000 0.000124 0.000000 0.000178 0.001077 0.000248 0.000000 0.000932 0.000000 0.000000 0.001348 0.000511 0.000000 0.000000 0.000132 0.000000 0.000000 0.000000 0.003278 0.000000 0.000000 0.000000 0.000000 0.003815 0.000000 0.000019 0.000147 0.000337 0.000679 0.001313 0.001671 0.000896 0.004994 0.003402 0.040649 0.091632 0.213410 0.396723 0.099103 0.065615 0.004514 0.005987 0.007290 0.004804 0.001543 0.001901 0.001748 0.003927 0.004363 0.004467 0.005085 0.004936 0.003304 0.004007 0.003307 0.003811 0.002126 0.000202 0.000074 0.000056 0.000101 0.000067 0.000105 0.000015 0.000027 0.000000 
0.000000 0.000075 0.000000 0.000109 0.000669 0.000154 0.000000 0.000585 0.000000 0.000000 0.000864 0.000328 0.000000 0.000000 0.000087 0.000000 0.000000 0.000000 0.002194 0.000000 0.000000 0.000000 0.000000 0.002611 0.000000 0.000013 0.000103 0.000235 0.000480 0.000928 0.001188 0.000637 0.001676 0.001142 0.002463 0.005552 0.081767 0.152004 0.378836 0.250823 0.029206 0.038734 0.006357 0.004189 0.001190 0.001466 0.001363 0.003061 0.003438 0.003519 0.004050 0.003932 0.002661 0.003227 0.002692 0.003102 0.001750 0.000167 0.000062 0.000046 0.000085 0.000056 0.000089 0.000013 0.000023 0.000000 
0.000000 0.000072 0.000000 0.000106 0.000657 0.000151 0.000000 0.000581 0.000000 0.000000 0.000878 0.000333 0.000000 0.000000 0.000090 0.000000 0.000000 0.000000 0.002329 0.000000 0.000000 0.000000 0.000000 0.002831 0.000000 0.000015 0.000114 0.000261 0.000538 0.001040 0.001346 0.000722 0.001910 0.001301 0.001325 0.002986 0.007937 0.014755 0.232520 0.153948 0.178843 0.237189 0.065885 0.043419 0.001662 0.002048 0.001683 0.003781 0.004292 0.004395 0.005112 0.004962 0.003395 0.004117 0.003472 0.004001 0.002281 0.000217 0.000081 0.000061 0.000113 0.000075 0.000120 0.000017 0.000031 0.000000 
0.000000 0.000063 0.000000 0.000094 0.000588 0.000135 0.000000 0.000525 0.000000 0.000000 0.000811 0.000307 0.000000 0.000000 0.000085 0.000000 0.000000 0.000000 0.002246 0.000000 0.000000 0.000000 0.000000 0.002790 0.000000 0.000015 0.000115 0.000263 0.000548 0.001059 0.001385 0.000743 0.001988 0.001354 0.001387 0.003126 0.003923 0.007293 0.020744 0.013734 0.100885 0.133798 0.370803 0.244361 0.015834 0.019510 0.002161 0.004854 0.004873 0.004989 0.005867 0.005695 0.003938 0.004776 0.004073 0.004693 0.002705 0.000258 0.000097 0.000073 0.000136 0.000091 0.000147 0.000021 0.000038 0.000000 
0.000000 0.000075 0.000000 0.000112 0.000710 0.000164 0.000000 0.000641 0.000000 0.000000 0.001013 0.000384 0.000000 0.000000 0.000108 0.000000 0.000000 0.000000 0.002928 0.000000 0.000000 0.000000 0.000000 0.003717 0.000000 0.000020 0.000156 0.000358 0.000754 0.001457 0.001927 0.001033 0.002795 0.001904 0.001971 0.004444 0.005610 0.010428 0.014004 0.009272 0.012293 0.016303 0.285690 0.188271 0.121713 0.149968 0.028116 0.063154 0.008546 0.008749 0.009097 0.008831 0.006173 0.007487 0.006452 0.007435 0.004332 0.000413 0.000158 0.000118 0.000223 0.000149 0.000244 0.000035 0.000064 0.000000 
0.000000 0.000063 0.000000 0.000096 0.000611 0.000141 0.000000 0.000558 0.000000 0.000000 0.000900 0.000341 0.000000 0.000000 0.000098 0.000000 0.000000 0.000000 0.002719 0.000000 0.000000 0.000000 0.000000 0.003527 0.000000 0.000019 0.000152 0.000347 0.000739 0.001428 0.001910 0.001024 0.002801 0.001908 0.001997 0.004501 0.005743 0.010677 0.014422 0.009549 0.005977 0.007927 0.025071 0.016522 0.067538 0.083217 0.155657 0.349630 0.080068 0.081975 0.011489 0.011153 0.006894 0.008361 0.007284 0.008394 0.004943 0.000471 0.000182 0.000136 0.000261 0.000174 0.000287 0.000041 0.000077 0.000000 
0.000000 0.000034 0.000000 0.000052 0.000337 0.000078 0.000000 0.000311 0.000000 0.000000 0.000511 0.000194 0.000000 0.000000 0.000057 0.000000 0.000000 0.000000 0.001614 0.000000 0.000000 0.000000 0.000000 0.002139 0.000000 0.000012 0.000094 0.000215 0.000463 0.000895 0.001210 0.000649 0.001793 0.001222 0.001293 0.002914 0.003758 0.006987 0.009540 0.006317 0.003977 0.005275 0.007876 0.005190 0.003830 0.004719 0.055808 0.125353 0.286409 0.293228 0.069555 0.067519 0.005626 0.006823 0.005256 0.006057 0.003606 0.000343 0.000134 0.000101 0.000194 0.000129 0.000216 0.000031 0.000058 0.000000 
0.000000 0.000021 0.000000 0.000033 0.000217 0.000050 0.000000 0.000203 0.000000 0.000000 0.000342 0.000130 0.000000 0.000000 0.000039 0.000000 0.000000 0.000000 0.001126 0.000000 0.000000 0.000000 0.000000 0.001526 0.000000 0.000008 0.000069 0.000157 0.000341 0.000659 0.000901 0.000483 0.001350 0.000920 0.000984 0.002218 0.002892 0.005377 0.007421 0.004914 0.003127 0.004148 0.006230 0.004106 0.001430 0.001762 0.003762 0.008449 0.122067 0.124973 0.295758 0.287101 0.040485 0.049099 0.005099 0.005875 0.003093 0.000295 0.000116 0.000087 0.000170 0.000113 0.000192 0.000027 0.000052 0.000000 
0.000000 0.000017 0.000000 0.000027 0.000180 0.000042 0.000000 0.000170 0.000000 0.000000 0.000292 0.000111 0.000000 0.000000 0.000034 0.000000 0.000000 0.000000 0.001005 0.000000 0.000000 0.000000 0.000000 0.001391 0.000000 0.000008 0.000064 0.000146 0.000321 0.000621 0.000858 0.000460 0.001299 0.000885 0.000957 0.002157 0.002844 0.005287 0.007378 0.004885 0.003143 0.004168 0.006329 0.004171 0.001461 0.001801 0.001815 0.004076 0.010629 0.010882 0.162833 0.158067 0.222383 0.269698 0.047397 0.054617 0.003876 0.000369 0.000129 0.000097 0.000191 0.000127 0.000217 0.000031 0.000060 0.000000 
0.000000 0.000014 0.000000 0.000023 0.000152 0.000035 0.000000 0.000145 0.000000 0.000000 0.000255 0.000097 0.000000 0.000000 0.000030 0.000000 0.000000 0.000000 0.000916 0.000000 0.000000 0.000000 0.000000 0.001296 0.000000 0.000007 0.000061 0.000139 0.000309 0.000598 0.000835 0.000448 0.001278 0.000871 0.000952 0.002146 0.002859 0.005316 0.007499 0.004965 0.003229 0.004283 0.006574 0.004332 0.001534 0.001891 0.001917 0.004305 0.005300 0.005426 0.014656 0.014227 0.126559 0.153487 0.269120 0.310112 0.037244 0.003547 0.000167 0.000125 0.000218 0.000146 0.000251 0.000036 0.000070 0.000000 
0.000000 0.000017 0.000000 0.000028 0.000188 0.000043 0.000000 0.000181 0.000000 0.000000 0.000326 0.000124 0.000000 0.000000 0.000040 0.000000 0.000000 0.000000 0.001223 0.000000 0.000000 0.000000 0.000000 0.001769 0.000000 0.000010 0.000085 0.000194 0.000436 0.000843 0.001190 0.000638 0.001841 0.001255 0.001386 0.003125 0.004209 0.007825 0.011161 0.007389 0.004859 0.006444 0.009999 0.006590 0.002359 0.002907 0.002979 0.006692 0.008286 0.008484 0.010818 0.010501 0.016861 0.020449 0.226711 0.261243 0.313025 0.029812 0.002373 0.001780 0.000419 0.000279 0.000426 0.000061 0.000120 0.000000 
0.000000 0.000034 0.000000 0.000055 0.000373 0.000086 0.000000 0.000363 0.000000 0.000000 0.000669 0.000254 0.000000 0.000000 0.000083 0.000000 0.000000 0.000000 0.002619 0.000000 0.000000 0.000000 0.000000 0.003868 0.000000 0.000022 0.000190 0.000433 0.000985 0.001905 0.002717 0.001457 0.004253 0.002897 0.003236 0.007295 0.009935 0.018468 0.026625 0.017628 0.011719 0.015542 0.024381 0.016067 0.005816 0.007166 0.007423 0.016674 0.020872 0.021369 0.027409 0.026607 0.020169 0.024460 0.048948 0.056403 0.427335 0.040699 0.032325 0.024243 0.009650 0.006433 0.001324 0.000189 0.000330 0.000000 
0.000000 0.000045 0.000000 0.000075 0.000519 0.000120 0.000000 0.000511 0.000000 0.000000 0.000958 0.000363 0.000000 0.000000 0.000122 0.000000 0.000000 0.000000 0.003922 0.000000 0.000000 0.000000 0.000000 0.005920 0.000000 0.000034 0.000297 0.000678 0.001557 0.003011 0.004344 0.002330 0.006872 0.004682 0.005287 0.011917 0.016406 0.030499 0.044446 0.029427 0.019775 0.026226 0.041593 0.027410 0.010030 0.012358 0.012943 0.029072 0.036787 0.037663 0.048835 0.047405 0.036147 0.043837 0.041414 0.047722 0.065261 0.006215 0.031214 0.023410 0.092968 0.061979 0.021586 0.003084 0.000725 0.000000 
0.000000 0.000037 0.000000 0.000061 0.000428 0.000099 0.000000 0.000429 0.000000 0.000000 0.000819 0.000310 0.000000 0.000000 0.000107 0.000000 0.000000 0.000000 0.003511 0.000000 0.000000 0.000000 0.000000 0.005415 0.000000 0.000032 0.000277 0.000633 0.001472 0.002845 0.004147 0.002224 0.006633 0.004519 0.005158 0.011627 0.016182 0.030082 0.044317 0.029342 0.019931 0.026434 0.042376 0.027926 0.010331 0.012729 0.013478 0.030273 0.038727 0.039649 0.051967 0.050446 0.038885 0.047158 0.044814 0.051640 0.033339 0.003175 0.002878 0.002159 0.054203 0.036136 0.125565 0.017938 0.007140 0.000000 
0.000000 0.000000 0.000000 0.000000 0.000000 0.000000 0.000000 0.000000 0.000000 0.000000 0.000000 0.000000 0.000000 0.000000 0.000000 0.000000 0.000000 0.000000 0.000000 0.000000 0.000000 0.000000 0.000000 0.000000 0.000000 0.000000 0.000000 0.000000 0.000000 0.000000 0.000000 0.000000 0.000000 0.000000 0.000000 0.000000 0.000000 0.000000 0.000000 0.000000 0.000000 0.000000 0.000000 0.000000 0.000000 0.000000 0.000000 0.000000 0.000000 0.000000 0.000000 0.000000 0.000000 0.000000 0.000000 0.000000 0.000000 0.000000 0.000000 0.000000 0.000000 0.000000 0.000000 0.000000 0.000000 0.000000 
