0.000000 0.000000 0.000000 0.000000 0.000000 0.000000 0.000000 0.000000 0.000000 0.000000 0.000000 0.000000 0.000000 0.000000 0.000000 0.000000 0.000000 0.000000 0.000000 0.000000 0.000000 0.000000 0.000000 0.000000 0.000000 0.000000 0.000000 0.000000 0.000000 0.000000 0.000000 0.000000 0.000000 0.000000 0.000000 0.000000 0.000000 0.000000 0.000000 0.000000 0.000000 0.000000 0.000000 0.000000 0.000000 0.000000 0.000000 0.000000 0.000000 0.000000 0.000000 0.000000 0.000000 0.000000 0.000000 0.000000 0.000000 0.000000 0.000000 0.000000 0.000000 
0.000000 0.000000 0.000000 0.000000 0.000000 0.000000 0.000000 0.000000 0.000000 0.000000 0.000000 0.000000 0.000000 0.000000 0.000000 0.000000 0.000000 0.000000 0.000000 0.000000 0.000000 0.000000 0.000000 0.000000 0.000000 0.000000 0.000000 0.000000 0.000000 0.000000 0.000000 0.000000 0.000000 0.000000 0.000000 0.000000 0.000000 0.000000 0.000000 0.000000 0.000000 0.000000 0.000000 0.000000 0.000000 0.000000 0.000000 0.000000 0.000000 0.000000 0.000000 0.000000 0.000000 0.000000 0.000000 0.000000 0.000000 0.000000 0.000000 0.000000 0.000000 
0.000000 0.000000 0.000000 0.000000 0.070355 0.628655 0.039315 0.000000 0.000000 0.000000 0.000000 0.000051 0.001073 0.009630 0.000000 0.025342 0.018460 0.015884 0.020090 0.024692 0.018810 0.014161 0.010420 0.003420 0.000632 0.000037 0.000000 0.001633 0.001508 0.004062 0.007353 0.013055 0.013800 0.021188 0.011189 0.005360 0.004033 0.003126 0.002694 0.000412 0.001088 0.001008 0.001149 0.001161 0.000299 0.000103 0.000015 0.000008 0.000006 0.001929 0.000000 0.000967 0.000000 0.000000 0.000000 0.000000 0.001334 0.000000 0.000000 0.000493 0.000000 
0.000000 0.000000 0.000000 0.000000 0.000000 0.000000 0.000000 0.000000 0.000000 0.000000 0.000000 0.000000 0.000000 0.000000 0.000000 0.000000 0.000000 0.000000 0.000000 0.000000 0.000000 0.000000 0.000000 0.000000 0.000000 0.000000 0.000000 0.000000 0.000000 0.000000 0.000000 0.000000 0.000000 0.000000 0.000000 0.000000 0.000000 0.000000 0.000000 0.000000 0.000000 0.000000 0.000000 0.000000 0.000000 0.000000 0.000000 0.000000 0.000000 0.000000 0.000000 0.000000 0.000000 0.000000 0.000000 0.000000 0.000000 0.000000 0.000000 0.000000 0.000000 
0.000000 0.000000 0.000000 0.000000 0.000000 0.000000 0.000000 0.000000 0.000000 0.000000 0.000000 0.000000 0.000000 0.000000 0.000000 0.000000 0.000000 0.000000 0.000000 0.000000 0.000000 0.000000 0.000000 0.000000 0.000000 0.000000 0.000000 0.000000 0.000000 0.000000 0.000000 0.000000 0.000000 0.000000 0.000000 0.000000 0.000000 0.000000 0.000000 0.000000 0.000000 0.000000 0.000000 0.000000 0.000000 0.000000 0.000000 0.000000 0.000000 0.000000 0.000000 0.000000 0.000000 0.000000 0.000000 0.000000 0.000000 0.000000 0.000000 0.000000 0.000000 
0.000000 0.000000 0.000000 0.000000 0.000000 0.000000 0.000000 0.000000 0.000000 0.000000 0.000000 0.000000 0.000000 0.000000 0.000000 0.000000 0.000000 0.000000 0.000000 0.000000 0.000000 0.000000 0.000000 0.000000 0.000000 0.000000 0.000000 0.000000 0.000000 0.000000 0.000000 0.000000 0.000000 0.000000 0.000000 0.000000 0.000000 0.000000 0.000000 0.000000 0.000000 0.000000 0.000000 0.000000 0.000000 0.000000 0.000000 0.000000 0.000000 0.000000 0.000000 0.000000 0.000000 0.000000 0.000000 0.000000 0.000000 0.000000 0.000000 0.000000 0.000000 
0.000000 0.000000 0.000000 0.000000 0.001048 0.009366 0.003149 0.000000 0.000000 0.000000 0.000000 0.001139 0.047971 0.430469 0.000000 0.231002 0.020493 0.017633 0.020373 0.025039 0.019917 0.014995 0.011521 0.003781 0.000730 0.000043 0.000000 0.001969 0.001899 0.005116 0.009673 0.017172 0.018955 0.029103 0.016050 0.007688 0.006041 0.004683 0.004216 0.000645 0.001778 0.001647 0.001961 0.001980 0.000533 0.000183 0.000029 0.000014 0.000012 0.003748 0.000000 0.001962 0.000000 0.000000 0.000000 0.000000 0.003082 0.000000 0.000000 0.001191 0.000000 
0.000000 0.000000 0.000000 0.000000 0.000488 0.004358 0.001474 0.000000 0.000000 0.000000 0.000000 0.000045 0.012096 0.108547 0.000000 0.581154 0.087253 0.075078 0.011692 0.014370 0.010108 0.007610 0.005910 0.001940 0.000379 0.000022 0.000000 0.001032 0.001006 0.002711 0.005181 0.009199 0.010266 0.015762 0.008787 0.004209 0.003343 0.002592 0.002359 0.000361 0.001006 0.000931 0.001121 0.001132 0.000308 0.000106 0.000017 0.000008 0.000007 0.002214 0.000000 0.001171 0.000000 0.000000 0.000000 0.000000 0.001901 0.000000 0.000000 0.000743 0.000000 
0.000000 0.000000 0.000000 0.000000 0.000307 0.002747 0.000939 0.000000 0.000000 0.000000 0.000000 0.000014 0.000661 0.005929 0.000000 0.200730 0.300677 0.258722 0.068190 0.083808 0.007946 0.005982 0.004109 0.001348 0.000266 0.000016 0.000000 0.000733 0.000723 0.001947 0.003761 0.006677 0.007533 0.011566 0.006519 0.003122 0.002507 0.001944 0.001788 0.000273 0.000771 0.000714 0.000869 0.000877 0.000241 0.000083 0.000013 0.000007 0.000006 0.001772 0.000000 0.000948 0.000000 0.000000 0.000000 0.000000 0.001589 0.000000 0.000000 0.000627 0.000000 
0.000000 0.000000 0.000000 0.000000 0.000223 0.001991 0.000688 0.000000 0.000000 0.000000 0.000000 0.000010 0.000232 0.002085 0.000000 0.012741 0.120674 0.103835 0.273045 0.335579 0.053848 0.040540 0.003753 0.001232 0.000215 0.000013 0.000000 0.000599 0.000596 0.001607 0.003138 0.005571 0.006354 0.009755 0.005558 0.002662 0.002161 0.001675 0.001558 0.000238 0.000679 0.000629 0.000774 0.000781 0.000217 0.000075 0.000012 0.000006 0.000005 0.001630 0.000000 0.000881 0.000000 0.000000 0.000000 0.000000 0.001526 0.000000 0.000000 0.000609 0.000000 
0.000000 0.000000 0.000000 0.000000 0.000222 0.001980 0.000692 0.000000 0.000000 0.000000 0.000000 0.000011 0.000240 0.002156 0.000000 0.006218 0.010630 0.009147 0.152087 0.186919 0.299247 0.225291 0.035298 0.011584 0.000272 0.000016 0.000000 0.000671 0.000676 0.001821 0.003595 0.006381 0.007358 0.011297 0.006506 0.003116 0.002557 0.001982 0.001864 0.000285 0.000821 0.000760 0.000946 0.000955 0.000268 0.000092 0.000015 0.000008 0.000007 0.002059 0.000000 0.001125 0.000000 0.000000 0.000000 0.000000 0.002013 0.000000 0.000000 0.000813 0.000000 
0.000000 0.000000 0.000000 0.000000 0.000323 0.002890 0.001021 0.000000 0.000000 0.000000 0.000000 0.000016 0.000366 0.003285 0.000000 0.009532 0.007693 0.006620 0.019867 0.024417 0.247169 0.186084 0.290875 0.095461 0.003800 0.000224 0.000000 0.001262 0.001124 0.003027 0.006040 0.010723 0.012497 0.019187 0.011172 0.005351 0.004439 0.003441 0.003271 0.000500 0.001457 0.001349 0.001696 0.001712 0.000487 0.000167 0.000028 0.000014 0.000012 0.003814 0.000000 0.002107 0.000000 0.000000 0.000000 0.000000 0.003894 0.000000 0.000000 0.001589 0.000000 
0.000000 0.000000 0.000000 0.000000 0.000689 0.006158 0.002199 0.000000 0.000000 0.000000 0.000000 0.000035 0.000815 0.007312 0.000000 0.021447 0.017412 0.014982 0.021227 0.026089 0.047668 0.035887 0.354707 0.116410 0.046229 0.002719 0.000000 0.025978 0.003118 0.008401 0.014825 0.026318 0.031004 0.047602 0.028014 0.013419 0.011254 0.008724 0.008382 0.001282 0.003773 0.003494 0.004441 0.004485 0.001288 0.000443 0.000074 0.000037 0.000033 0.010320 0.000000 0.005763 0.000000 0.000000 0.000000 0.000000 0.011005 0.000000 0.000000 0.004539 0.000000 
0.000000 0.000000 0.000000 0.000000 0.000000 0.000000 0.000000 0.000000 0.000000 0.000000 0.000000 0.000000 0.000000 0.000000 0.000000 0.000000 0.000000 0.000000 0.000000 0.000000 0.000000 0.000000 0.000000 0.000000 0.000000 0.000000 0.000000 0.000000 0.000000 0.000000 0.000000 0.000000 0.000000 0.000000 0.000000 0.000000 0.000000 0.000000 0.000000 0.000000 0.000000 0.000000 0.000000 0.000000 0.000000 0.000000 0.000000 0.000000 0.000000 0.000000 0.000000 0.000000 0.000000 0.000000 0.000000 0.000000 0.000000 0.000000 0.000000 0.000000 0.000000 
0.000000 0.000000 0.000000 0.000000 0.000386 0.003449 0.001258 0.000000 0.000000 0.000000 0.000000 0.000021 0.000498 0.004467 0.000000 0.013392 0.011109 0.009559 0.013772 0.016926 0.014687 0.011057 0.009312 0.003056 0.001385 0.000081 0.000000 0.049104 0.099534 0.268131 0.107940 0.191623 0.026908 0.041312 0.021733 0.010410 0.008920 0.006915 0.006789 0.001038 0.003124 0.002892 0.003757 0.003793 0.001114 0.000383 0.000065 0.000033 0.000030 0.009316 0.000000 0.005317 0.000000 0.000000 0.000000 0.000000 0.010835 0.000000 0.000000 0.004567 0.000000 
0.000000 0.000000 0.000000 0.000000 0.000132 0.001181 0.000436 0.000000 0.000000 0.000000 0.000000 0.000007 0.000178 0.001597 0.000000 0.004840 0.004060 0.003493 0.005087 0.006252 0.005484 0.004129 0.003498 0.001148 0.000246 0.000014 0.000000 0.001572 0.020144 0.054265 0.217947 0.386916 0.091950 0.141174 0.010010 0.004795 0.003633 0.002817 0.002795 0.000428 0.001300 0.001204 0.001581 0.001596 0.000474 0.000163 0.000028 0.000014 0.000013 0.004050 0.000000 0.002336 0.000000 0.000000 0.000000 0.000000 0.004918 0.000000 0.000000 0.002096 0.000000 
0.000000 0.000000 0.000000 0.000000 0.000066 0.000593 0.000221 0.000000 0.000000 0.000000 0.000000 0.000004 0.000093 0.000838 0.000000 0.002566 0.002176 0.001872 0.002756 0.003388 0.003004 0.002261 0.001937 0.000636 0.000137 0.000008 0.000000 0.000413 0.000956 0.002575 0.065400 0.116104 0.275283 0.422652 0.050721 0.024296 0.002481 0.001924 0.001688 0.000258 0.000794 0.000735 0.000975 0.000985 0.000295 0.000102 0.000018 0.000009 0.000008 0.002582 0.000000 0.001506 0.000000 0.000000 0.000000 0.000000 0.003275 0.000000 0.000000 0.001411 0.000000 
0.000000 0.000000 0.000000 0.000000 0.000068 0.000604 0.000228 0.000000 0.000000 0.000000 0.000000 0.000004 0.000099 0.000891 0.000000 0.002760 0.002366 0.002036 0.003030 0.003724 0.003338 0.002513 0.002176 0.000714 0.000155 0.000009 0.000000 0.000472 0.000516 0.001389 0.006366 0.011301 0.169425 0.260125 0.311449 0.149187 0.025787 0.019991 0.002365 0.000362 0.000983 0.000910 0.001221 0.001233 0.000374 0.000129 0.000023 0.000011 0.000011 0.003339 0.000000 0.001969 0.000000 0.000000 0.000000 0.000000 0.004423 0.000000 0.000000 0.001926 0.000000 
0.000000 0.000000 0.000000 0.000000 0.000098 0.000875 0.000334 0.000000 0.000000 0.000000 0.000000 0.000006 0.000150 0.001349 0.000000 0.004222 0.003658 0.003148 0.004737 0.005822 0.005276 0.003972 0.003476 0.001141 0.000251 0.000015 0.000000 0.000771 0.000847 0.002281 0.004936 0.008762 0.023711 0.036405 0.275611 0.132020 0.227675 0.176500 0.035335 0.005404 0.001980 0.001833 0.002175 0.002196 0.000673 0.000231 0.000041 0.000021 0.000020 0.006143 0.000000 0.003661 0.000000 0.000000 0.000000 0.000000 0.008498 0.000000 0.000000 0.003741 0.000000 
0.000000 0.000000 0.000000 0.000000 0.000138 0.001233 0.000475 0.000000 0.000000 0.000000 0.000000 0.000009 0.000221 0.001983 0.000000 0.006276 0.005497 0.004730 0.007195 0.008843 0.008101 0.006099 0.005396 0.001771 0.000394 0.000023 0.000000 0.001223 0.001358 0.003658 0.007963 0.014136 0.018059 0.027726 0.037887 0.018148 0.197896 0.153415 0.306425 0.046865 0.029057 0.026905 0.004303 0.004345 0.001178 0.000405 0.000073 0.000036 0.000035 0.010980 0.000000 0.006616 0.000000 0.000000 0.000000 0.000000 0.015865 0.000000 0.000000 0.007059 0.000000 
0.000000 0.000000 0.000000 0.000000 0.000148 0.001327 0.000517 0.000000 0.000000 0.000000 0.000000 0.000010 0.000248 0.002229 0.000000 0.007132 0.006314 0.005433 0.008354 0.010268 0.009508 0.007159 0.006403 0.002102 0.000472 0.000028 0.000000 0.001483 0.001665 0.004484 0.009868 0.017518 0.022512 0.034563 0.022297 0.010680 0.021021 0.016296 0.205815 0.031478 0.194718 0.180295 0.048800 0.049278 0.001800 0.000619 0.000098 0.000049 0.000048 0.015004 0.000000 0.009137 0.000000 0.000000 0.000000 0.000000 0.022637 0.000000 0.000000 0.010184 0.000000 
0.000000 0.000000 0.000000 0.000000 0.000122 0.001090 0.000429 0.000000 0.000000 0.000000 0.000000 0.000008 0.000213 0.001913 0.000000 0.006187 0.005538 0.004766 0.007408 0.009104 0.008522 0.006416 0.005802 0.001904 0.000433 0.000025 0.000000 0.001373 0.001558 0.004198 0.009338 0.016577 0.021535 0.033063 0.021455 0.010277 0.009549 0.007403 0.016876 0.002581 0.100954 0.093476 0.252425 0.254900 0.015761 0.005418 0.000116 0.000058 0.000051 0.015656 0.000000 0.009638 0.000000 0.000000 0.000000 0.000000 0.024665 0.000000 0.000000 0.011217 0.000000 
0.000000 0.000000 0.000000 0.000000 0.000153 0.001369 0.000544 0.000000 0.000000 0.000000 0.000000 0.000011 0.000279 0.002507 0.000000 0.008196 0.007416 0.006381 0.010028 0.012325 0.011663 0.008781 0.008026 0.002634 0.000605 0.000036 0.000000 0.001941 0.002227 0.006000 0.013492 0.023952 0.031452 0.048289 0.031677 0.015174 0.014182 0.010995 0.011832 0.001810 0.012776 0.011830 0.201992 0.203972 0.125828 0.043253 0.001565 0.000783 0.000092 0.028514 0.000000 0.015522 0.000000 0.000000 0.000000 0.000000 0.041034 0.000000 0.000000 0.018863 0.000000 
0.000000 0.000000 0.000000 0.000000 0.000165 0.001472 0.000592 0.000000 0.000000 0.000000 0.000000 0.000012 0.000314 0.002818 0.000000 0.009309 0.008517 0.007328 0.011640 0.014306 0.013687 0.010304 0.009521 0.003125 0.000726 0.000043 0.000000 0.002353 0.002729 0.007353 0.016715 0.029674 0.039394 0.060483 0.040106 0.019211 0.018152 0.014072 0.015233 0.002330 0.007765 0.007190 0.022159 0.022377 0.087283 0.030003 0.010832 0.005416 0.001078 0.333974 0.000000 0.024506 0.000000 0.000000 0.000000 0.000000 0.058532 0.000000 0.000000 0.027204 0.000000 
0.000000 0.000000 0.000000 0.000000 0.000000 0.000000 0.000000 0.000000 0.000000 0.000000 0.000000 0.000000 0.000000 0.000000 0.000000 0.000000 0.000000 0.000000 0.000000 0.000000 0.000000 0.000000 0.000000 0.000000 0.000000 0.000000 0.000000 0.000000 0.000000 0.000000 0.000000 0.000000 0.000000 0.000000 0.000000 0.000000 0.000000 0.000000 0.000000 0.000000 0.000000 0.000000 0.000000 0.000000 0.000000 0.000000 0.000000 0.000000 0.000000 0.000000 0.000000 0.000000 0.000000 0.000000 0.000000 0.000000 0.000000 0.000000 0.000000 0.000000 0.000000 
0.000000 0.000000 0.000000 0.000000 0.000042 0.000378 0.000155 0.000000 0.000000 0.000000 0.000000 0.000003 0.000088 0.000788 0.000000 0.002663 0.002491 0.002143 0.003477 0.004273 0.004179 0.003146 0.002970 0.000975 0.000231 0.000014 0.000000 0.000767 0.000909 0.002448 0.005687 0.010096 0.013699 0.021032 0.014254 0.006828 0.006593 0.005111 0.005654 0.000865 0.002931 0.002714 0.003971 0.004010 0.001333 0.000458 0.000189 0.000094 0.001185 0.367220 0.000000 0.454979 0.000000 0.000000 0.000000 0.000000 0.026414 0.000000 0.000000 0.012543 0.000000 
0.000000 0.000000 0.000000 0.000000 0.000000 0.000000 0.000000 0.000000 0.000000 0.000000 0.000000 0.000000 0.000000 0.000000 0.000000 0.000000 0.000000 0.000000 0.000000 0.000000 0.000000 0.000000 0.000000 0.000000 0.000000 0.000000 0.000000 0.000000 0.000000 0.000000 0.000000 0.000000 0.000000 0.000000 0.000000 0.000000 0.000000 0.000000 0.000000 0.000000 0.000000 0.000000 0.000000 0.000000 0.000000 0.000000 0.000000 0.000000 0.000000 0.000000 0.000000 0.000000 0.000000 0.000000 0.000000 0.000000 0.000000 0.000000 0.000000 0.000000 0.000000 
0.000000 0.000000 0.000000 0.000000 0.000000 0.000000 0.000000 0.000000 0.000000 0.000000 0.000000 0.000000 0.000000 0.000000 0.000000 0.000000 0.000000 0.000000 0.000000 0.000000 0.000000 0.000000 0.000000 0.000000 0.000000 0.000000 0.000000 0.000000 0.000000 0.000000 0.000000 0.000000 0.000000 0.000000 0.000000 0.000000 0.000000 0.000000 0.000000 0.000000 0.000000 0.000000 0.000000 0.000000 0.000000 0.000000 0.000000 0.000000 0.000000 0.000000 0.000000 0.000000 0.000000 0.000000 0.000000 0.000000 0.000000 0.000000 0.000000 0.000000 0.000000 
0.000000 0.000000 0.000000 0.000000 0.000000 0.000000 0.000000 0.000000 0.000000 0.000000 0.000000 0.000000 0.000000 0.000000 0.000000 0.000000 0.000000 0.000000 0.000000 0.000000 0.000000 0.000000 0.000000 0.000000 0.000000 0.000000 0.000000 0.000000 0.000000 0.000000 0.000000 0.000000 0.000000 0.000000 0.000000 0.000000 0.000000 0.000000 0.000000 0.000000 0.000000 0.000000 0.000000 0.000000 0.000000 0.000000 0.000000 0.000000 0.000000 0.000000 0.000000 0.000000 0.000000 0.000000 0.000000 0.000000 0.000000 0.000000 0.000000 0.000000 0.000000 
0.000000 0.000000 0.000000 0.000000 0.000000 0.000000 0.000000 0.000000 0.000000 0.000000 0.000000 0.000000 0.000000 0.000000 0.000000 0.000000 0.000000 0.000000 0.000000 0.000000 0.000000 0.000000 0.000000 0.000000 0.000000 0.000000 0.000000 0.000000 0.000000 0.000000 0.000000 0.000000 0.000000 0.000000 0.000000 0.000000 0.000000 0.000000 0.000000 0.000000 0.000000 0.000000 0.000000 0.000000 0.000000 0.000000 0.000000 0.000000 0.000000 0.000000 0.000000 0.000000 0.000000 0.000000 0.000000 0.000000 0.000000 0.000000 0.000000 0.000000 0.000000 
0.000000 0.000000 0.000000 0.000000 0.000000 0.000000 0.000000 0.000000 0.000000 0.000000 0.000000 0.000000 0.000000 0.000000 0.000000 0.000000 0.000000 0.000000 0.000000 0.000000 0.000000 0.000000 0.000000 0.000000 0.000000 0.000000 0.000000 0.000000 0.000000 0.000000 0.000000 0.000000 0.000000 0.000000 0.000000 0.000000 0.000000 0.000000 0.000000 0.000000 0.000000 0.000000 0.000000 0.000000 0.000000 0.000000 0.000000 0.000000 0.000000 0.000000 0.000000 0.000000 0.000000 0.000000 0.000000 0.000000 0.000000 0.000000 0.000000 0.000000 0.000000 
