0.000000 0.000000 0.000000 0.000000 0.000000 0.000000 0.000000 0.000000 0.000000 0.000000 0.000000 0.000000 0.000000 0.000000 0.000000 0.000000 0.000000 0.000000 0.000000 0.000000 0.000000 
0.000000 0.000000 0.000000 0.000000 0.000000 0.000000 0.000000 0.000000 0.000000 0.000000 0.000000 0.000000 0.000000 0.000000 0.000000 0.000000 0.000000 0.000000 0.000000 0.000000 0.000000 
0.000000 0.000068 0.057589 0.007087 0.569737 0.166742 0.075281 0.089964 0.003753 0.001018 0.001480 0.002046 0.010643 0.007396 0.002331 0.001735 0.001465 0.001020 0.000557 0.000085 0.000000 
0.000000 0.000024 0.003593 0.000442 0.224747 0.065775 0.296281 0.354068 0.024996 0.006781 0.001329 0.001837 0.008450 0.005872 0.001871 0.001393 0.001189 0.000827 0.000457 0.000070 0.000000 
0.000000 0.000039 0.002824 0.000348 0.031886 0.009332 0.265791 0.317631 0.223717 0.060689 0.020131 0.027828 0.017253 0.011989 0.003377 0.002515 0.002169 0.001510 0.000842 0.000129 0.000000 
0.000000 0.000051 0.003707 0.000456 0.019762 0.005783 0.029732 0.035531 0.158240 0.042927 0.142060 0.196377 0.206058 0.143193 0.005437 0.004048 0.003088 0.002150 0.001212 0.000185 0.000000 
0.000000 0.000023 0.001651 0.000203 0.008855 0.002592 0.006290 0.007516 0.006042 0.001639 0.034298 0.047411 0.496341 0.344915 0.022164 0.016503 0.001697 0.001181 0.000589 0.000090 0.000000 
0.000000 0.000030 0.002238 0.000275 0.012129 0.003550 0.008666 0.010356 0.003930 0.001066 0.004027 0.005567 0.368477 0.256060 0.164164 0.122237 0.021272 0.014808 0.000995 0.000152 0.000000 
0.000000 0.000064 0.004751 0.000585 0.026030 0.007618 0.018801 0.022467 0.008576 0.002327 0.004149 0.005735 0.068519 0.047615 0.193021 0.143725 0.249536 0.173710 0.019755 0.003018 0.000000 
0.000000 0.000114 0.008574 0.001055 0.047491 0.013899 0.034673 0.041436 0.015990 0.004338 0.007780 0.010755 0.060664 0.042156 0.030846 0.022968 0.252147 0.175528 0.199159 0.030427 0.000000 
0.000000 0.000000 0.000000 0.000000 0.000000 0.000000 0.000000 0.000000 0.000000 0.000000 0.000000 0.000000 0.000000 0.000000 0.000000 0.000000 0.000000 0.000000 0.000000 0.000000 0.000000 
