0 0 0 0 0 0 0 0 0 0 0 0 0 0 0 20 4 0 0 0 0 0 0 0 0 0 0 0 0 0 47 0 0 0 59 267 0 0 4 152 68 855 138 274 16 36 34 90 223 82 84 639 322 350 20 0 0 0 0 0 0 0 0 0 0 0 0 0 0 0 0 0 0 3 61 0 0 0 0 0 0 0 0 0 0 0 0 
0 0 0 0 0 0 0 0 0 0 0 0 0 0 0 0 0 0 0 0 11 70 58 47 2 0 0 0 0 4 0 0 0 4 41 255 67 0 0 0 2 210 180 188 8 0 7 37 48 46 125 82 15 0 0 0 0 0 0 9 0 0 0 0 0 0 0 0 0 0 44 12 1 500 266 253 0 0 0 0 0 0 0 0 0 0 0 
0 0 0 0 0 0 0 0 0 0 0 0 0 0 0 6 7 4 0 0 0 0 0 0 0 0 0 0 88 296 140 0 0 4 136 175 15 0 5 88 239 172 110 33 52 11 0 0 0 3 196 111 98 52 0 0 0 1 0 2 0 0 0 0 20 144 0 0 0 0 0 20 95 382 51 408 48 0 0 0 0 0 0 0 0 0 0 
0 0 0 0 0 0 0 0 0 0 0 0 0 0 0 1 0 0 0 0 0 0 0 0 0 0 0 0 3 25 132 8 0 0 0 198 261 0 0 2 6 67 66 135 99 11 0 0 0 0 70 160 158 43 3 0 0 0 0 11 0 0 0 7 456 58 0 0 0 0 4 0 32 0 0 0 0 0 0 0 0 0 0 0 0 0 0 
0 0 0 0 0 0 0 0 0 0 0 0 0 0 0 0 0 0 0 0 0 0 0 0 0 0 0 0 0 0 0 0 0 0 0 130 512 2 0 0 0 1 61 49 102 129 94 127 37 159 196 154 83 50 0 0 0 0 0 10 0 0 0 0 0 0 0 0 0 0 160 324 10 133 191 26 0 0 0 0 0 0 0 0 0 0 0 
3 0 0 0 0 0 0 0 0 0 0 0 0 0 0 0 0 0 0 0 0 0 0 0 0 0 0 0 0 0 0 0 0 0 2 12 27 1 0 3 4 3 27 0 16 35 31 22 8 0 93 19 15 10 0 0 0 6 37 195 0 0 0 4 3 196 0 8 28 152 176 10 90 27 1 0 0 0 0 0 0 0 0 0 0 0 0 
0 0 0 0 0 0 0 0 0 0 0 0 0 0 0 100 16 0 0 0 0 0 0 0 0 0 0 0 36 46 2 0 0 0 0 0 4 33 7 0 0 28 22 10 12 12 4 0 0 0 140 35 9 0 0 0 1 57 31 157 42 0 0 0 0 0 0 0 0 12 0 276 319 190 107 0 0 0 0 0 0 0 0 0 0 0 0 
1 0 0 0 0 0 0 0 0 0 0 0 0 0 147 233 359 5 0 0 0 0 0 0 0 0 0 0 0 0 0 0 0 0 0 16 63 4 3 6 135 124 1 11 0 0 0 22 72 14 57 43 0 0 0 0 0 0 0 0 0 0 0 0 0 0 0 0 0 38 143 71 73 177 10 0 0 0 0 0 0 0 0 0 0 0 0 
0 0 0 0 0 0 0 0 0 0 0 0 0 0 236 200 0 0 0 0 0 0 0 0 0 0 0 0 0 0 0 0 0 0 0 0 4 115 5 0 0 16 0 100 0 0 0 0 0 0 251 41 0 0 0 0 0 0 0 0 0 0 0 0 0 0 0 0 0 0 0 30 62 27 13 0 0 0 0 0 0 0 0 0 0 0 0 
0 0 0 0 0 0 0 0 0 0 0 0 0 0 0 0 0 0 0 0 0 0 0 0 0 0 0 0 0 0 0 0 0 0 0 0 8 0 0 1 3 0 25 122 128 1 0 0 0 12 26 30 0 0 0 0 0 0 0 0 0 0 0 0 0 0 0 0 0 0 0 14 31 40 115 0 0 0 0 0 0 0 0 0 0 0 0 
6 0 0 0 0 0 0 0 0 0 0 0 0 0 0 5 0 41 523 1239 1002 328 207 9 5 6 34 49 40 93 46 43 64 50 10 0 7 35 16 30 28 8 0 12 4 5 16 38 1 25 127 28 4 0 0 0 0 4 0 0 0 0 0 0 212 84 21 28 42 13 16 4 0 6 6 0 0 0 0 0 0 0 0 0 0 0 0 
0 0 0 0 0 0 0 0 0 0 0 0 0 0 0 0 0 0 0 1 181 532 457 344 316 343 220 182 83 133 165 96 82 16 5 0 0 0 0 0 0 0 0 7 3 30 71 101 95 83 100 13 40 0 0 0 1 4 0 0 0 0 0 0 160 0 0 0 0 0 4 0 0 0 0 0 0 0 0 0 0 0 0 0 0 0 0 
0 0 0 0 0 0 0 0 0 0 0 0 0 0 0 0 0 0 0 0 0 0 0 0 0 0 0 0 0 0 0 0 0 0 0 1 9 2 0 0 0 0 0 0 0 0 0 160 68 48 47 17 12 9 0 0 0 0 0 0 0 0 0 6 44 9 0 6 2 8 0 16 1 19 32 0 0 0 0 0 0 0 0 0 0 0 0 
3 0 0 0 0 0 0 0 0 0 0 0 0 0 0 0 0 0 0 0 0 0 4 1 0 3 17 12 1 8 41 45 12 5 4 0 0 0 0 8 0 0 0 12 0 0 7 1 0 4 5 7 0 0 0 0 0 0 0 0 0 0 0 0 20 0 0 0 15 21 0 0 0 0 0 0 0 0 0 0 0 0 0 0 0 0 0 
0 0 0 0 0 0 0 0 0 0 0 0 0 0 0 0 0 0 0 0 0 0 0 0 0 0 0 0 0 0 0 0 0 0 0 0 0 0 0 0 0 5 0 0 0 0 0 20 0 0 20 0 0 0 0 0 0 0 2 1 0 0 0 0 4 0 0 0 0 2 123 7 0 0 0 0 0 0 0 0 0 0 0 0 0 0 0 
0 0 0 0 0 0 0 0 0 0 0 0 0 0 126 69 0 0 0 3 85 7 7 0 1 0 6 31 37 486 241 1 4 39 0 20 36 0 0 0 0 28 0 0 0 4 9 22 21 16 24 0 0 0 1 0 0 0 0 0 0 0 0 0 29 3 0 0 0 0 0 0 0 0 0 0 0 0 0 0 0 0 0 0 0 0 0 
0 0 0 0 0 0 0 0 0 0 0 0 0 0 178 62 0 0 0 0 9 72 26 5 4 1 0 0 0 110 171 1414 2249 312 15 12 0 0 0 0 0 0 0 0 0 0 0 0 0 31 5 0 0 0 0 0 0 0 0 0 0 0 0 0 0 0 0 0 0 0 0 0 0 0 0 0 0 0 0 0 0 0 0 0 0 0 0 
57 0 0 0 0 0 0 0 0 0 0 0 0 0 0 0 0 0 0 0 0 0 73 167 0 0 0 0 0 0 4 0 1555 5296 5809 1464 410 162 118 233 243 88 76 92 26 11 21 54 47 55 152 73 23 4 0 0 4 4 38 64 56 61 115 270 457 67 53 2 0 0 0 0 0 0 0 0 0 0 0 0 0 0 0 0 0 0 0 
33 0 0 0 0 0 0 0 0 0 0 0 0 0 0 0 0 0 0 0 0 0 0 0 0 0 0 0 1 10 11 53 257 376 1124 4393 5405 1243 708 351 58 10 9 0 4 1 0 0 0 12 36 0 0 0 3 8 2 0 0 0 0 0 0 0 63 1 0 0 0 4 0 0 0 0 16 0 0 0 0 0 0 0 0 0 0 0 0 
7 0 0 0 0 0 0 0 0 0 0 0 0 0 0 0 0 0 0 0 0 0 0 0 0 0 0 0 0 0 0 0 0 85 29 2 539 2830 2445 585 172 120 39 33 11 6 12 1 0 0 8 0 0 0 0 0 0 0 0 0 0 0 0 0 12 0 0 0 0 0 0 0 0 0 0 0 0 0 0 0 0 0 0 0 0 0 0 
9 0 0 0 0 0 0 0 0 0 0 0 0 0 0 0 0 0 0 0 0 0 0 0 0 0 0 0 0 0 0 0 0 0 1 49 3 12 136 1256 1605 581 37 27 9 2 0 2 0 0 0 0 0 0 0 0 0 6 9 0 0 0 0 0 16 109 22 65 0 0 0 0 0 0 0 0 0 0 0 0 0 0 0 0 0 0 0 
80 0 0 0 0 0 0 0 0 0 0 0 0 0 0 0 0 0 0 0 0 0 0 0 0 0 0 0 0 0 0 0 0 0 44 70 18 0 0 7 107 519 696 388 18 1 6 10 0 0 0 0 0 0 0 0 0 0 0 0 0 0 0 0 0 0 0 0 0 0 3 55 6 0 0 0 0 0 0 0 0 0 0 0 0 0 0 
22 0 0 0 0 0 0 0 0 0 0 0 0 0 0 0 0 0 0 0 0 0 0 0 0 0 0 0 0 0 0 0 0 0 2 66 2 35 7 0 17 37 101 417 455 55 0 0 0 0 0 0 0 0 0 0 0 0 0 0 0 0 0 0 0 0 0 0 0 0 0 0 0 0 0 0 0 0 0 0 0 0 0 0 0 0 0 
162 0 0 0 0 0 0 0 0 0 0 0 0 0 0 0 0 0 0 0 0 0 0 0 0 0 0 0 0 0 0 0 0 13 1 111 109 56 35 6 45 98 134 336 862 2181 3181 684 66 66 82 9 3 5 0 0 1 10 0 0 0 0 0 0 0 0 0 0 0 0 0 0 0 0 0 0 0 0 0 0 0 0 0 0 0 0 0 
49 0 0 0 0 0 0 0 0 0 0 0 0 0 0 0 0 0 0 0 0 0 12 0 0 0 0 0 0 0 0 0 12 18 0 0 0 32 15 22 7 10 19 56 88 241 1456 5024 5030 966 102 25 94 29 6 18 11 16 4 2 0 0 0 0 0 0 0 0 0 0 0 0 0 0 0 0 0 0 0 0 0 0 0 0 0 0 0 
245 0 0 0 0 0 0 0 0 0 0 0 0 0 0 0 0 0 0 0 0 0 0 0 0 0 0 0 0 0 0 0 0 3 0 0 0 0 1 7 40 0 0 0 3 16 156 365 2572 8467 6869 2386 216 71 14 11 5 1 1 4 2 3 1 1 2 6 0 0 0 0 0 0 0 0 0 0 0 0 0 0 0 0 0 0 0 0 0 
51 0 0 0 0 0 0 0 0 0 0 0 0 0 0 0 0 0 0 0 0 0 0 0 0 0 0 0 0 0 0 0 0 0 0 0 0 0 0 0 0 0 0 0 0 4 8 34 148 746 1295 4904 5991 3801 390 166 119 65 34 12 0 0 0 0 0 0 0 0 0 0 0 0 0 0 0 0 0 0 0 0 0 0 0 0 0 0 0 
406 0 0 0 0 0 0 0 0 0 0 0 0 0 0 0 0 0 0 4 4 0 10 7 0 0 0 0 0 0 0 0 0 0 0 0 0 0 0 0 0 0 0 0 0 11 13 0 117 261 43 135 1185 5353 6617 1586 10 5 1 0 0 0 0 0 0 0 0 0 0 0 0 0 0 0 0 0 0 0 0 0 0 0 0 0 0 0 0 
369 0 0 0 0 0 0 0 0 0 0 0 0 0 0 0 0 0 3 9 2 2 0 31 4 4 15 47 59 64 6 0 0 30 63 89 12 8 0 0 20 0 0 0 0 1 20 43 29 25 30 43 300 655 4900 12883 13377 4982 416 31 20 2 23 23 0 0 0 4 0 0 0 0 0 0 0 0 0 0 0 0 0 0 0 0 0 0 0 
44 0 0 0 0 0 0 0 0 0 0 0 0 0 0 0 0 0 0 0 0 0 0 0 0 0 0 0 0 0 0 0 0 0 0 0 0 2 15 23 132 6 0 1 11 2 3 0 12 0 0 0 0 19 304 143 1122 6028 8530 2741 49 1 6 2 0 0 0 0 0 0 0 0 0 0 0 0 0 0 0 0 0 0 0 0 0 0 0 
41 0 0 0 0 0 0 0 0 0 0 0 0 0 0 0 0 0 0 3 0 0 47 0 0 0 0 0 0 0 0 0 0 0 0 0 0 0 0 0 2 15 0 0 0 0 0 1 28 17 0 0 0 0 22 83 99 145 919 3286 1960 618 78 0 0 0 0 0 0 0 0 0 0 0 0 0 0 0 0 0 0 0 0 0 0 0 0 
109 0 0 0 0 0 0 0 0 0 0 0 0 0 0 0 0 0 0 21 0 0 0 6 2 0 0 0 0 0 0 0 0 0 0 0 0 0 0 0 0 0 0 0 0 0 0 5 1 23 0 0 1 24 30 129 326 353 274 502 1176 4423 3790 1571 282 99 21 0 0 0 0 0 0 0 0 0 0 0 0 0 0 0 0 0 0 0 0 
43 0 0 0 0 0 0 0 0 0 0 0 0 0 0 0 0 0 0 0 0 0 0 0 0 0 0 0 0 0 0 0 0 0 0 0 0 0 0 0 0 0 0 0 0 0 0 0 0 4 9 37 35 46 45 64 109 146 303 297 613 603 1812 4186 5053 2415 377 183 224 290 104 60 100 54 0 0 0 0 0 0 0 0 0 0 0 0 0 
45 0 0 0 0 0 0 0 0 0 0 0 0 0 0 0 0 0 0 0 0 0 0 37 0 0 0 0 0 0 0 0 0 0 0 0 0 0 0 0 0 0 0 0 0 0 0 0 0 1 0 11 0 0 0 0 0 19 37 138 250 250 194 306 1230 4647 5224 1412 35 44 35 9 0 0 0 0 0 0 0 0 0 0 0 0 0 0 0 
22 0 0 0 0 0 0 0 0 0 0 0 0 0 0 0 0 0 0 0 0 0 0 0 0 0 0 0 0 0 0 0 0 0 0 0 0 0 0 0 0 0 0 0 0 0 0 0 0 7 7 1 0 0 0 0 0 0 0 3 9 2 0 3 62 190 1517 5904 6158 2672 530 140 49 0 0 0 0 0 0 0 0 0 0 0 0 0 0 
11 0 0 0 0 0 0 0 0 0 0 0 0 0 0 0 0 0 0 0 0 0 0 0 0 0 0 0 0 0 0 0 0 0 0 0 0 0 0 0 0 0 0 0 0 0 0 0 0 0 0 0 0 0 0 0 0 0 0 0 0 0 0 0 0 0 0 37 1006 4240 4950 930 116 2 0 0 0 0 0 0 0 0 0 0 0 0 0 
1 0 0 0 0 0 0 0 0 0 0 0 0 0 0 0 0 0 0 0 0 0 0 0 0 0 0 0 0 0 0 0 0 0 0 0 0 0 0 0 0 0 0 0 0 0 0 0 0 0 0 0 0 0 0 0 0 0 0 0 0 0 0 0 0 1 2 13 6 24 828 5086 6018 2383 258 0 0 0 0 0 0 0 0 0 0 0 0 
0 0 0 0 0 0 0 0 0 0 0 0 0 0 0 0 0 0 0 0 0 0 0 0 0 0 0 0 0 0 0 0 0 0 0 0 0 0 0 0 0 0 0 0 0 0 0 0 0 0 0 0 0 0 0 0 0 0 0 0 0 0 0 0 0 0 0 0 0 0 0 0 242 3313 3434 831 0 0 0 0 0 0 0 0 0 0 0 
0 0 0 0 0 0 0 0 0 0 0 0 0 0 0 0 0 0 0 0 0 0 0 0 0 0 0 0 0 0 0 0 0 0 0 0 0 0 0 0 0 0 0 0 0 0 0 0 0 0 0 0 0 0 0 0 0 0 0 0 0 0 0 0 0 0 0 0 0 0 0 0 0 0 0 353 15 0 0 0 0 0 0 0 0 0 0 
0 0 0 0 0 0 0 0 0 0 0 0 0 0 0 0 0 0 0 0 0 0 0 0 0 0 0 0 0 0 0 0 0 0 0 0 0 0 0 0 0 0 0 0 0 0 0 0 0 0 0 0 0 0 0 0 0 0 0 0 0 0 0 0 0 0 0 0 0 0 0 0 0 0 0 0 0 0 0 0 0 0 0 0 0 0 0 
0 0 0 0 0 0 0 0 0 0 0 0 0 0 0 0 0 0 0 0 0 0 0 0 0 0 0 0 0 0 0 0 0 0 0 0 0 0 0 0 0 0 0 0 0 0 0 0 0 0 0 0 0 0 0 0 0 0 0 0 0 0 0 0 0 0 0 0 0 0 0 0 0 0 0 0 0 0 0 0 0 0 0 0 0 0 0 
0 0 0 0 0 0 0 0 0 0 0 0 0 0 0 0 0 0 0 0 0 0 0 0 0 0 0 0 0 0 0 0 0 0 0 0 0 0 0 0 0 0 0 0 0 0 0 0 0 0 0 0 0 0 0 0 0 0 0 0 0 0 0 0 0 0 0 0 0 0 0 0 0 0 0 0 0 0 0 0 0 0 0 0 0 0 0 
0 0 0 0 0 0 0 0 0 0 0 0 0 0 0 0 0 0 0 0 0 0 0 0 0 0 0 0 0 0 0 0 0 0 0 0 0 0 0 0 0 0 0 0 0 0 0 0 0 0 0 0 0 0 0 0 0 0 0 0 0 0 0 0 0 0 0 0 0 0 0 0 0 0 0 0 0 0 0 0 0 0 0 0 0 0 0 
0 0 0 0 0 0 0 0 0 0 0 0 0 0 0 0 0 0 0 0 0 0 0 0 0 0 0 0 0 0 0 0 0 0 0 0 0 0 0 0 0 0 0 0 0 0 0 0 0 0 0 0 0 0 0 0 0 0 0 0 0 0 0 0 0 0 0 0 0 0 0 0 0 0 0 0 0 0 0 0 0 0 0 0 0 0 0 
