7 0 0 0 0 0 0 0 0 0 0 0 0 0 0 0 0 0 0 0 0 0 0 0 0 0 0 0 0 0 0 0 0 0 0 0 0 0 0 0 0 0 0 0 0 0 47 30 39 39 36 42 35 38 54 41 57 81 118 108 95 135 103 97 422 0 
0 0 0 0 0 0 0 0 0 0 0 0 0 0 0 0 0 0 0 0 0 0 0 0 0 0 0 0 0 0 0 0 0 0 0 0 0 0 0 0 0 0 0 2 51 171 40 0 0 0 0 0 0 0 0 0 0 0 0 0 0 0 0 0 0 0 
0 0 0 0 0 0 0 0 0 0 0 0 0 0 0 0 0 0 0 0 0 0 0 0 0 0 0 0 0 0 0 0 0 0 0 0 0 0 0 0 0 0 0 0 4 112 153 23 0 11 9 0 0 0 0 0 0 0 0 0 0 0 0 0 0 0 
0 0 0 0 0 0 0 0 0 0 0 0 0 0 0 0 0 0 0 0 0 0 0 0 0 0 0 0 0 0 0 0 0 0 0 0 0 0 0 0 40 0 0 0 0 0 0 0 0 0 0 0 0 0 0 0 0 0 0 0 0 0 0 0 0 0 
0 0 0 0 0 0 0 0 0 0 0 0 0 0 0 0 0 0 0 0 0 0 0 0 0 0 0 0 0 0 0 0 0 0 0 0 0 0 0 0 0 0 0 0 96 12 0 0 0 0 0 0 0 0 0 0 0 0 0 0 0 0 0 0 0 0 
0 0 0 0 0 0 0 0 0 0 0 0 0 0 0 0 0 0 0 0 0 0 0 0 0 0 0 0 0 0 0 0 0 0 0 0 0 0 0 0 4 0 0 0 0 0 0 0 0 0 0 0 0 0 0 0 0 0 0 0 0 0 0 0 0 0 
0 0 0 0 0 0 0 0 0 0 0 0 0 0 0 0 0 0 0 0 0 0 0 0 0 0 0 0 0 0 0 0 0 0 0 0 0 0 0 0 0 0 0 0 0 5 3 0 0 0 0 0 0 0 0 0 0 0 0 0 0 0 0 0 0 0 
0 0 0 0 0 0 0 0 0 0 0 0 0 0 0 0 0 0 0 0 0 0 0 0 0 0 0 0 0 0 0 0 0 0 0 0 0 0 0 0 0 0 0 0 0 4 0 0 0 0 0 0 0 0 0 0 0 0 0 0 0 0 0 0 0 0 
0 0 0 0 0 0 0 0 0 0 0 0 0 0 0 0 0 0 0 0 0 0 0 0 0 0 0 0 0 0 0 0 0 0 0 0 0 0 0 0 0 0 0 0 0 0 8 0 0 0 0 0 0 0 0 0 0 0 0 0 0 0 0 0 0 0 
10841 0 0 0 0 0 0 0 0 0 0 0 0 0 0 0 0 0 40428 1605 0 0 0 0 0 0 0 0 0 0 0 0 0 30 5 0 2 7 3 69 28 0 0 0 0 0 0 0 0 12 52 18 0 0 0 0 0 0 0 0 0 0 0 0 0 0 
4170 0 0 0 0 0 0 0 0 0 0 0 0 0 0 0 0 0 30029 6024 0 0 0 0 0 1 0 6 2 30 1 3 2 15 1 0 52 187 0 5 84 48 1 13 38 57 119 76 15 12 52 61 0 0 0 0 0 0 0 0 0 0 0 0 0 0 
2 0 0 0 0 0 0 0 0 0 0 0 0 0 0 0 0 0 0 6 0 0 0 0 0 0 0 0 0 0 0 0 0 0 0 0 0 0 0 3 3 5 8 17 45 126 248 69 0 0 0 0 0 0 0 0 0 0 0 0 0 0 0 0 0 0 
125 0 0 0 0 0 0 0 0 0 0 0 0 0 0 0 0 0 0 0 0 0 0 0 0 0 0 0 0 0 0 1 0 0 0 0 0 0 0 0 0 4 3 10 92 476 416 177 0 0 18 14 0 0 0 0 0 0 0 0 0 0 0 0 0 0 
1 0 0 0 0 0 0 0 0 0 0 0 0 0 0 0 0 0 2465 1051 0 0 0 0 0 0 0 2 1 0 0 0 0 0 0 0 0 0 0 0 0 0 0 0 0 0 0 0 0 0 3 20 17 0 0 0 0 0 0 0 0 0 0 0 0 0 
825 0 0 0 0 0 0 0 1 1 1 1 1 2 0 0 0 0 2622 6218 0 0 0 0 0 3 1 15 12 5 0 0 0 0 1 0 9 5 0 0 34 14 0 0 0 8 0 0 5 8 5 7 0 0 0 0 0 0 0 0 0 0 0 0 0 0 
6231 0 0 0 0 0 0 0 0 2 0 0 0 0 0 0 0 0 9126 6193 0 0 0 0 0 5 31 77 1810 2262 1123 415 74 36 37 31 35 47 0 0 0 0 0 0 30 42 0 0 0 5 8 0 0 0 0 0 0 0 0 0 0 0 0 0 0 0 
3 0 0 0 0 0 0 0 0 0 0 0 0 0 0 0 0 0 2215 22353 0 0 0 0 0 0 0 0 0 0 6 8 129 132 65 0 0 0 0 19 75 11 0 0 6 6 0 0 0 0 0 0 0 0 0 0 0 0 0 0 0 0 0 0 0 0 
2 0 0 0 0 0 0 0 0 0 0 0 0 0 0 0 0 0 2 2667 0 0 0 0 0 0 0 0 0 0 11 35 233 256 378 132 4 0 0 16 24 0 0 3 7 0 0 0 0 9 1 0 0 0 0 0 0 0 0 0 0 0 0 0 0 0 
263 0 0 0 0 0 0 4 0 0 0 0 2 1 0 0 0 0 21 720 0 0 0 0 0 0 0 120 93 246 448 485 1115 2189 3549 4860 6007 3341 484 3 10 0 0 0 0 0 0 0 0 3 0 0 0 0 0 0 0 0 0 0 0 0 0 0 0 0 
321 0 0 0 0 0 0 4 5 0 3 8 10 4 2 1 0 0 102 128 0 0 0 2 2 0 0 44 52 153 281 357 322 379 216 488 1875 9013 10864 467 204 18 0 0 0 0 0 0 3 20 0 0 0 0 0 0 0 0 0 0 0 0 0 0 0 0 
2 0 0 0 0 0 0 0 0 0 0 0 0 0 0 0 0 0 1 3446 0 0 0 0 0 0 0 0 0 0 0 0 0 0 0 6 112 197 1316 3196 4141 1401 266 141 125 4 2 0 17 19 0 0 0 0 0 0 0 0 0 0 0 0 0 0 0 0 
133 0 0 0 0 0 0 0 0 0 0 0 0 0 0 0 0 0 0 972 0 0 0 0 0 0 0 0 0 0 13 23 14 9 10 58 142 10 20 301 2444 8096 7720 2218 37 47 0 0 3 14 0 0 0 0 0 0 0 0 0 0 0 0 0 0 0 0 
6 0 0 0 0 0 0 0 0 0 0 0 0 0 0 0 0 0 0 19 0 0 0 0 0 0 0 0 0 0 0 0 0 0 0 0 0 0 0 0 0 1 275 3287 1360 211 40 0 0 1 0 0 0 0 0 0 0 0 0 0 0 0 0 0 0 0 
47 0 0 0 0 0 0 0 0 0 0 0 0 0 0 0 0 0 0 0 0 0 0 0 0 0 0 0 0 0 0 0 0 0 0 0 0 2 0 7 10 13 86 194 626 1473 1971 59 6 0 74 36 4 0 0 0 0 0 0 0 0 0 0 0 0 0 
545 0 0 0 0 1 0 0 0 0 0 0 0 0 0 0 0 0 1 255 0 0 0 0 0 0 0 20 18 37 5 26 18 17 413 129 23 15 74 74 207 231 111 215 281 836 2461 6381 4548 966 168 13 20 7 0 0 0 0 0 0 0 0 0 0 0 0 
56 0 0 0 0 0 0 0 0 0 0 0 0 0 0 0 0 0 0 14 0 0 0 0 0 0 0 0 0 0 0 0 1 3 6 8 13 0 42 31 33 56 44 13 1 51 75 102 512 5403 5176 611 537 174 0 0 10 0 0 0 0 0 0 0 0 0 
77 0 0 0 0 0 0 0 0 0 0 0 0 0 0 0 0 0 4 53 0 0 0 0 0 0 0 0 0 0 2 22 0 0 0 1 6 0 0 4 11 3 7 2 9 9 21 44 161 351 1677 4243 3477 2335 203 0 14 0 0 0 0 0 0 0 0 0 
36 0 0 0 0 0 0 0 0 0 0 0 0 0 0 0 0 0 0 20 0 0 0 0 0 0 0 0 0 0 0 0 0 0 12 9 0 0 0 0 0 1 4 4 11 10 28 10 14 23 22 536 1425 3566 5058 2487 410 254 151 182 15 0 0 0 0 0 
53 0 0 0 0 0 0 0 0 0 0 0 0 0 0 0 0 0 0 0 0 0 0 0 0 0 0 0 0 0 0 0 0 0 0 0 0 0 4 0 0 0 0 9 11 20 9 6 4 2 51 198 376 301 748 4607 2407 429 208 34 3 0 0 0 0 0 
0 0 0 0 0 0 0 0 0 0 0 0 0 0 0 0 0 0 0 0 0 0 0 0 0 0 0 0 0 0 0 0 0 0 0 0 0 0 0 0 0 0 0 0 0 0 0 0 0 0 0 0 0 0 0 3 222 147 5 6 1 0 0 0 0 0 
1 0 0 0 0 0 0 0 0 0 0 0 0 0 0 0 0 0 0 0 0 0 0 0 0 0 0 0 0 0 0 0 0 0 0 0 0 0 0 0 0 0 0 0 0 0 0 0 0 0 0 0 0 0 0 3 80 227 405 221 72 61 19 16 79 0 
4 0 0 0 0 0 0 0 0 0 0 0 0 0 0 0 0 0 0 0 0 0 0 0 0 0 0 0 0 0 0 0 0 0 0 0 0 0 0 0 0 0 0 0 0 0 0 0 0 0 0 0 0 0 0 0 0 159 416 851 940 1089 1227 998 4484 0 
0 0 0 0 0 0 0 0 0 0 0 0 0 0 0 0 0 0 0 0 0 0 0 0 0 0 0 0 0 0 0 0 0 0 0 0 0 0 0 0 0 0 0 0 0 0 0 0 0 0 0 0 0 0 0 0 0 0 0 0 0 0 0 0 0 0 
