0 0 0 0 0 0 0 0 0 0 0 0 0 0 0 0 78 0 0 0 87 839 78 7 0 253 107 0 0 20 8 54 0 0 0 0 0 0 0 0 5 0 0 0 1 63 77 0 16 0 188 112 0 455 0 0 0 0 0 0 0 
0 0 0 0 0 0 0 0 0 0 0 0 0 0 0 0 0 0 0 0 0 0 0 0 0 0 0 0 0 0 0 0 0 0 0 0 0 0 0 0 0 0 0 0 0 0 0 0 0 0 0 0 0 0 0 0 0 0 0 0 0 
0 0 0 0 0 0 0 0 0 0 0 0 0 0 0 0 0 0 0 0 0 0 0 0 0 0 0 0 0 0 0 0 0 0 0 0 0 0 0 0 0 0 0 0 0 0 0 0 0 0 0 0 0 0 0 0 0 0 0 0 0 
0 0 0 0 0 0 0 0 0 0 0 0 0 0 0 0 0 0 0 0 0 0 0 0 0 0 0 0 0 0 0 0 0 0 0 0 0 0 0 0 0 0 0 0 0 0 0 0 0 0 0 0 0 0 0 0 0 0 0 0 0 
0 0 0 0 0 0 0 0 0 0 0 0 0 0 0 0 0 0 0 0 0 0 0 0 0 0 0 0 0 0 0 0 0 0 0 0 0 0 0 0 0 0 0 0 0 0 40 0 342 32 790 123 133 1444 0 0 0 0 0 0 0 
0 0 0 0 0 0 0 0 0 0 0 0 0 0 0 0 0 0 0 0 0 438 52 0 0 0 0 0 0 1652 83 0 21 33 30 0 0 0 0 0 179 0 21 0 0 0 163 72 0 0 0 0 0 0 0 0 0 0 0 0 0 
0 0 0 0 0 0 0 0 0 0 0 0 0 0 0 0 0 0 0 482 124 0 0 0 0 0 0 50 0 0 0 0 0 0 0 0 0 0 0 0 0 0 0 0 0 0 0 0 0 0 0 0 0 0 0 0 0 0 0 0 0 
0 0 0 0 0 0 0 0 0 0 0 0 0 0 55 0 0 0 0 0 0 0 0 0 0 0 0 0 0 0 0 0 0 0 0 1 59 0 0 0 0 0 0 0 0 0 0 0 0 5 0 0 0 0 0 0 0 0 0 0 0 
0 0 0 0 0 0 0 0 0 0 0 0 0 0 0 50 503 187 0 0 125 947 11 0 0 5 3 0 0 448 0 1 0 0 0 0 0 0 0 0 0 0 0 0 0 0 0 0 0 0 0 0 0 0 0 0 0 0 0 0 0 
0 0 0 0 0 0 0 0 0 0 0 0 0 0 0 1 2 1651 6661 5414 416 2052 0 0 0 596 31 24 47 32 0 0 0 0 0 0 0 0 0 0 0 0 0 0 17 0 0 0 0 0 0 0 0 0 0 0 0 0 0 0 0 
0 0 0 0 0 0 0 0 0 0 0 0 0 0 0 208 608 990 1007 5963 17151 36882 94 824 850 747 254 272 379 71 221 117 120 151 57 0 0 0 0 38 311 0 0 0 1 3 213 0 0 0 0 0 0 4 0 0 0 0 0 0 0 
0 0 0 0 0 0 0 0 0 0 0 0 0 0 0 5 314 345 24 198 46 11673 4998 293 21 588 379 67 8 0 160 253 0 0 4 0 0 0 0 0 0 0 0 0 0 0 0 0 0 0 0 0 0 0 0 0 0 0 0 0 0 
0 0 0 0 0 0 0 0 0 0 0 0 0 0 0 4 2 14 0 8 63 984 951 1104 1864 824 30 315 154 28 16 70 0 3 137 0 0 0 0 13 0 0 0 0 0 0 0 0 0 0 0 0 0 0 0 0 0 0 0 0 0 
0 0 0 0 0 0 0 0 0 0 0 0 0 0 0 0 0 0 179 1479 1164 431 171 20 93 2326 3888 241 242 42 355 281 0 1 3 0 0 0 0 20 0 0 0 0 0 7 2 0 0 0 4 0 0 3 0 0 0 0 0 0 0 
0 0 0 0 0 0 0 0 0 0 0 0 0 0 0 49 0 0 0 65 603 349 107 61 479 544 105 1496 5331 3788 349 879 677 247 639 513 1 0 0 1093 393 0 67 0 286 213 13 61 0 0 0 0 0 0 0 0 0 0 0 0 0 
0 0 0 0 0 0 0 0 0 0 0 0 0 0 24 74 0 0 68 324 0 613 0 0 12 46 190 112 774 1425 2078 1940 374 427 349 255 12 0 0 14 17 0 17 0 0 0 108 0 0 3 0 0 0 0 0 0 0 0 0 0 0 
0 0 0 0 0 0 0 0 0 0 0 0 0 0 94 0 0 0 0 0 41 530 105 5 61 62 159 418 294 908 256 2457 5450 2981 965 579 73 0 0 134 4 0 8 0 16 0 36 0 0 20 0 0 0 0 0 0 0 0 0 0 0 
0 0 0 0 0 0 0 0 0 0 0 0 0 0 108 0 0 0 393 39 0 0 6 3 39 42 14 24 254 1075 562 834 497 2070 7546 5411 488 27 0 1 185 750 240 24 0 1 376 709 0 218 0 8 0 0 0 0 0 0 0 0 0 
0 0 0 0 0 0 0 0 0 0 0 0 0 0 4 0 0 0 0 0 0 32 0 0 217 77 83 435 90 1334 144 52 0 23 455 2264 3975 2387 318 25 17 7 1 0 0 0 573 389 0 62 0 12 0 0 0 0 0 0 0 0 0 
0 0 0 0 0 0 0 0 0 0 0 0 0 0 0 0 0 0 0 0 0 0 0 70 40 23 51 0 13 8 71 32 0 2 2 21 405 1465 2686 1153 108 27 16 0 14 99 197 171 11 211 0 0 0 0 0 0 0 0 0 0 0 
0 0 0 0 0 0 0 0 0 0 0 0 0 0 0 0 0 0 0 0 0 52 0 53 76 0 2 0 290 727 135 55 0 22 230 10 13 17 18 1451 3837 1217 191 0 30 456 1311 429 3 277 2 0 0 0 0 0 0 0 0 0 0 
0 0 0 0 0 0 0 0 0 0 0 0 0 0 0 0 0 0 0 0 0 0 0 0 0 38 0 1 427 2 126 13 0 0 17 9 0 0 0 16 12 674 124 9 1681 20 113 1 4 431 6 2 0 10 0 0 0 0 0 0 0 
0 0 0 0 0 0 0 0 0 0 0 0 0 0 0 0 0 0 0 0 0 36 0 82 0 67 98 0 143 568 8 131 8 432 746 261 0 0 0 338 82 163 719 135 6885 982 166 154 12 169 734 2006 0 27 0 0 0 0 0 0 0 
0 0 0 0 0 0 0 0 0 0 0 0 0 0 0 0 0 0 0 0 0 609 0 0 0 0 0 0 21 449 267 94 4 253 375 297 105 140 71 17 66 793 311 0 2135 2905 10285 8637 1126 3090 829 469 0 12 0 0 0 0 0 0 0 
0 0 0 0 0 0 0 0 0 0 0 0 0 0 11 0 0 0 0 0 0 414 0 0 0 0 0 0 2 24 0 0 0 2 1 0 199 326 195 465 997 1 1 0 4 757 805 3325 5031 6690 178 467 0 1 0 0 0 0 0 0 0 
0 0 0 0 0 0 0 0 0 0 0 0 0 0 0 0 0 0 0 0 0 11 0 0 0 0 0 0 0 0 0 0 0 0 4 30 211 305 468 413 222 251 94 0 25 1336 3267 423 1036 4557 6698 6200 190 75 0 0 0 0 0 0 0 
0 0 0 0 0 0 0 0 0 0 0 0 0 0 0 0 0 0 0 0 0 0 0 0 0 0 0 0 0 0 0 0 0 0 0 0 0 0 0 0 0 0 0 0 6 0 94 0 66 76 496 1919 1174 809 0 0 0 0 0 0 0 
0 0 0 0 0 0 0 0 0 0 0 0 0 0 0 0 0 0 0 0 0 0 0 0 0 44 0 14 375 279 0 0 0 0 0 0 0 0 0 65 0 0 0 0 1448 135 208 0 19 0 0 30 114 2685 0 0 0 0 0 0 0 
0 0 0 0 0 0 0 0 0 0 0 0 0 0 0 0 0 0 0 0 0 0 0 0 0 0 0 0 0 0 0 0 0 0 0 0 0 0 0 0 0 0 0 0 0 0 0 0 0 0 0 0 0 0 0 0 0 0 0 0 0 
0 0 0 0 0 0 0 0 0 0 0 0 0 0 0 0 0 0 0 0 0 0 0 0 0 0 0 0 0 0 0 0 0 0 0 0 0 0 0 0 0 0 0 0 0 0 0 0 0 0 0 0 0 0 0 0 0 0 0 0 0 
0 0 0 0 0 0 0 0 0 0 0 0 0 0 0 0 0 0 0 0 0 0 0 0 0 0 0 0 0 0 0 0 0 0 0 0 0 0 0 0 0 0 0 0 0 0 0 0 0 0 0 0 0 0 0 0 0 0 0 0 0 
