0 0 0 0 0 0 0 0 0 0 0 0 0 0 0 0 0 964 744 121 91 0 0 0 1 95 0 0 0 0 0 0 0 0 0 0 0 0 0 0 0 0 0 0 1694 159 55 0 0 0 0 0 67 873 0 0 0 0 0 0 0 
0 0 0 0 0 0 0 0 0 0 0 0 0 0 0 0 0 0 0 0 0 0 0 0 0 97 0 0 436 0 0 0 0 0 0 0 0 0 0 0 0 0 35 0 852 0 0 0 0 0 140 52 0 212 0 0 0 0 0 0 0 
0 0 0 0 0 0 0 0 0 0 0 0 0 0 0 0 0 0 0 64 0 0 0 0 0 47 0 0 97 0 0 0 0 14 10 8 24 0 0 0 0 0 0 0 552 136 0 0 0 9 45 24 0 186 0 0 0 0 0 0 0 
0 0 0 0 0 0 0 0 0 0 0 0 0 0 0 0 0 0 0 32 0 0 0 0 0 10 0 0 105 32 0 0 0 0 0 0 0 0 0 0 0 0 7 0 70 0 0 0 0 0 38 26 0 64 0 0 0 0 0 0 0 
0 0 0 0 0 0 0 0 0 0 0 0 0 0 60 0 0 125 1438 5 0 0 0 0 80 89 36 18 21 121 5 0 18 45 0 72 56 0 0 19 0 0 0 0 0 0 0 0 0 0 16 14 2 32 0 0 0 0 0 0 0 
0 0 0 0 0 0 0 0 0 0 0 0 0 0 0 346 1459 2098 6072 13717 18090 49704 2463 1027 780 1214 691 399 259 71 140 45 0 13 3 16 0 0 0 17 0 0 0 0 472 91 0 0 0 0 0 0 0 45 0 0 0 0 0 0 0 
0 0 0 0 0 0 0 0 0 0 0 0 0 0 0 45 48 0 0 33 1241 2612 3373 1186 2011 2807 2807 336 380 146 462 540 0 0 104 0 0 0 0 57 5 20 24 0 120 58 28 0 0 0 62 0 0 23 0 0 0 0 0 0 0 
0 0 0 0 0 0 0 0 0 0 0 0 0 0 0 0 0 0 0 0 246 686 494 182 722 1089 1412 2125 5595 6036 918 1293 745 440 957 548 0 0 0 1637 400 110 208 0 290 185 43 167 0 0 0 0 0 0 0 0 0 0 0 0 0 
0 0 0 0 0 0 0 0 0 0 0 0 0 0 83 0 0 0 78 0 49 1283 139 127 158 316 448 484 777 3608 2131 5193 6335 5222 6162 3329 380 75 0 136 148 203 220 24 74 41 305 434 0 173 32 9 0 0 0 0 0 0 0 0 0 
0 0 0 0 0 0 0 0 0 0 0 0 0 0 90 0 0 0 0 0 0 240 0 0 0 0 0 0 198 1660 679 35 29 232 3150 4895 4470 3535 2049 270 106 260 15 0 1 41 520 456 0 231 16 38 0 16 0 0 0 0 0 0 0 
0 0 0 0 0 0 0 0 0 0 0 0 0 0 0 0 0 0 0 0 0 215 9 0 0 0 0 0 111 208 127 57 8 34 109 299 254 295 998 1734 4255 1292 58 0 52 548 1776 688 36 333 4 4 0 0 0 0 0 0 0 0 0 
0 0 0 0 0 0 0 0 0 0 0 0 0 0 38 0 0 0 0 0 0 296 0 0 0 0 0 0 78 602 120 17 12 400 784 373 91 97 59 516 206 1442 546 131 6554 1771 4503 1882 669 1937 1774 2269 2 1951 0 0 0 0 0 0 0 
0 0 0 0 0 0 0 0 0 0 0 0 0 0 25 0 0 0 0 0 0 1181 54 0 0 518 0 28 787 220 257 83 4 247 281 111 266 665 650 865 1242 480 695 13 1811 3389 7309 10139 6449 11948 3920 2373 206 1288 0 0 0 0 0 0 0 
0 0 0 0 0 0 0 0 0 0 0 0 0 0 0 0 0 0 0 0 0 0 0 0 0 0 0 0 0 0 0 0 0 0 0 0 0 0 0 5 1 76 2 0 0 274 3380 271 488 944 3496 6327 1144 520 0 0 0 0 0 0 0 
0 0 0 0 0 0 0 0 0 0 0 0 0 0 0 0 0 0 0 0 0 0 0 0 0 0 0 0 0 0 0 0 0 0 0 0 0 0 0 0 0 0 0 0 0 0 0 0 0 0 0 0 0 0 0 0 0 0 0 0 0 
0 0 0 0 0 0 0 0 0 0 0 0 0 0 0 0 0 0 0 0 0 0 0 0 0 0 0 0 0 0 0 0 0 0 0 0 0 0 0 0 0 0 0 0 0 0 0 0 0 0 0 0 0 0 0 0 0 0 0 0 0 
