0.000000
0.000000
0.000000
0.000000
0.000000
0.000000
0.000000
0.000000
0.000000
0.000000
0.000000
0.000000
0.000000
0.000000
0.000877
0.001159
0.004465
0.009443
0.024687
0.041399
0.058726
0.168569
0.019476
0.007473
0.011117
0.018613
0.015982
0.010279
0.026204
0.038163
0.014338
0.021520
0.021188
0.019695
0.034252
0.028596
0.016418
0.013828
0.011129
0.015573
0.019067
0.011505
0.005363
0.000498
0.037209
0.020788
0.053550
0.043108
0.022750
0.047188
0.029849
0.034065
0.005061
0.016833
0.000000
0.000000
0.000000
0.000000
0.000000
0.000000
0.000000
