0 0 0 0 8 0 0 0 0 439 11 2 12 17 12 2 0 9 0 0 0 77 256 145 0 0 56 170 0 0 0 
24 0 0 0 24 0 0 0 0 0 0 0 0 0 120 0 0 0 0 0 0 100 85 46 0 28 20 9 0 0 0 
18 0 0 0 4 0 0 0 0 0 8 0 0 9 30 0 4 1 8 0 0 21 131 27 1 11 8 23 0 0 0 
3 0 0 0 13 0 0 0 0 0 4 0 0 4 12 8 0 0 0 0 0 8 14 0 0 9 7 14 0 0 0 
3 0 0 0 5 0 0 1 0 394 15 0 15 1 35 4 31 1 50 0 3 0 0 0 0 4 4 2 0 0 0 
262 0 0 0 0 0 82 0 515 2820 15996 3520 412 584 233 103 20 57 40 6 0 0 135 6 0 0 0 17 0 0 0 
147 0 0 0 0 4 0 0 13 48 663 1283 852 1035 208 179 50 22 17 24 15 2 41 13 1 15 0 0 0 0 0 
27 0 0 0 0 123 0 0 88 0 317 253 249 578 2694 570 564 374 136 19 432 0 133 13 2 0 0 60 0 0 0 
8 0 0 0 0 177 0 1 49 15 122 396 15 218 554 1196 3118 2721 361 81 169 14 130 149 2 37 0 11 0 0 0 
3 0 0 0 0 21 0 4 27 0 17 8 1 0 311 146 54 1569 2154 883 122 0 29 209 68 62 0 120 0 0 0 
0 0 0 0 0 23 0 0 7 0 102 0 0 0 87 68 15 124 109 465 1469 37 70 692 55 53 0 0 0 0 0 
55 0 0 0 230 28 0 4 6 0 4 0 1 1 242 56 70 232 94 81 248 178 1879 1788 535 1258 79 211 0 0 0 
7 0 0 0 79 49 0 5 0 37 60 0 39 0 533 109 48 91 163 379 512 191 582 3831 4358 2703 220 380 0 0 0 
0 0 0 0 0 0 0 0 0 0 0 0 0 0 0 0 0 0 0 0 17 2 23 885 265 2299 741 0 0 0 0 
0 0 0 0 0 0 0 0 0 0 0 0 0 0 0 0 0 0 0 0 0 0 0 0 0 0 0 0 0 0 0 
0 0 0 0 0 0 0 0 0 0 0 0 0 0 0 0 0 0 0 0 0 0 0 0 0 0 0 0 0 0 0 
