0.61026 0.34863 0.04876 0.06278 0.03111 0.02106 0.01769 0.02695 0.02764 0.00796 0.00518 0.01092 0.00545 0.00417 0.00029 0.00066 0.00245 0.00175 0.00023 0.00061 0.00001 0.00000 0.00038 0.00012 0.00000 0.00000 0.00012 0.00000 0.00000 0.00000 0.00000 0.00000 0.00000 0.00000 0.00000 0.00000 0.00000 0.00000 0.00000 0.00000 0.00000 0.00000 0.00000 0.00000 0.00000 0.00000 0.00000 0.00000 0.00000 0.00000 0.00000 0.00000 0.00000 0.00000 0.00000 0.00000 0.00000 0.00000 0.00000 0.00000 0.00000 
0.05856 0.32965 0.61026 0.34863 0.04876 0.06278 0.03111 0.02106 0.01769 0.02695 0.02764 0.00796 0.00518 0.01092 0.00545 0.00417 0.00029 0.00066 0.00245 0.00175 0.00023 0.00061 0.00001 0.00000 0.00038 0.00012 0.00000 0.00000 0.00012 0.00000 0.00000 0.00000 0.00000 0.00000 0.00000 0.00000 0.00000 0.00000 0.00000 0.00000 0.00000 0.00000 0.00000 0.00000 0.00000 0.00000 0.00000 0.00000 0.00000 0.00000 0.00000 0.00000 0.00000 0.00000 0.00000 0.00000 0.00000 0.00000 0.00000 0.00000 0.00000 
0.04862 0.05801 0.05856 0.32965 0.61026 0.34863 0.04876 0.06278 0.03111 0.02106 0.01769 0.02695 0.02764 0.00796 0.00518 0.01092 0.00545 0.00417 0.00029 0.00066 0.00245 0.00175 0.00023 0.00061 0.00001 0.00000 0.00038 0.00012 0.00000 0.00000 0.00012 0.00000 0.00000 0.00000 0.00000 0.00000 0.00000 0.00000 0.00000 0.00000 0.00000 0.00000 0.00000 0.00000 0.00000 0.00000 0.00000 0.00000 0.00000 0.00000 0.00000 0.00000 0.00000 0.00000 0.00000 0.00000 0.00000 0.00000 0.00000 0.00000 0.00000 
0.03530 0.05862 0.04862 0.05801 0.05856 0.32965 0.61026 0.34863 0.04876 0.06278 0.03111 0.02106 0.01769 0.02695 0.02764 0.00796 0.00518 0.01092 0.00545 0.00417 0.00029 0.00066 0.00245 0.00175 0.00023 0.00061 0.00001 0.00000 0.00038 0.00012 0.00000 0.00000 0.00012 0.00000 0.00000 0.00000 0.00000 0.00000 0.00000 0.00000 0.00000 0.00000 0.00000 0.00000 0.00000 0.00000 0.00000 0.00000 0.00000 0.00000 0.00000 0.00000 0.00000 0.00000 0.00000 0.00000 0.00000 0.00000 0.00000 0.00000 0.00000 
0.01450 0.01456 0.03530 0.05862 0.04862 0.05801 0.05856 0.32965 0.61026 0.34863 0.04876 0.06278 0.03111 0.02106 0.01769 0.02695 0.02764 0.00796 0.00518 0.01092 0.00545 0.00417 0.00029 0.00066 0.00245 0.00175 0.00023 0.00061 0.00001 0.00000 0.00038 0.00012 0.00000 0.00000 0.00012 0.00000 0.00000 0.00000 0.00000 0.00000 0.00000 0.00000 0.00000 0.00000 0.00000 0.00000 0.00000 0.00000 0.00000 0.00000 0.00000 0.00000 0.00000 0.00000 0.00000 0.00000 0.00000 0.00000 0.00000 0.00000 0.00000 
0.01860 0.02429 0.01450 0.01456 0.03530 0.05862 0.04862 0.05801 0.05856 0.32965 0.61026 0.34863 0.04876 0.06278 0.03111 0.02106 0.01769 0.02695 0.02764 0.00796 0.00518 0.01092 0.00545 0.00417 0.00029 0.00066 0.00245 0.00175 0.00023 0.00061 0.00001 0.00000 0.00038 0.00012 0.00000 0.00000 0.00012 0.00000 0.00000 0.00000 0.00000 0.00000 0.00000 0.00000 0.00000 0.00000 0.00000 0.00000 0.00000 0.00000 0.00000 0.00000 0.00000 0.00000 0.00000 0.00000 0.00000 0.00000 0.00000 0.00000 0.00000 
0.01109 0.00971 0.01860 0.02429 0.01450 0.01456 0.03530 0.05862 0.04862 0.05801 0.05856 0.32965 0.61026 0.34863 0.04876 0.06278 0.03111 0.02106 0.01769 0.02695 0.02764 0.00796 0.00518 0.01092 0.00545 0.00417 0.00029 0.00066 0.00245 0.00175 0.00023 0.00061 0.00001 0.00000 0.00038 0.00012 0.00000 0.00000 0.00012 0.00000 0.00000 0.00000 0.00000 0.00000 0.00000 0.00000 0.00000 0.00000 0.00000 0.00000 0.00000 0.00000 0.00000 0.00000 0.00000 0.00000 0.00000 0.00000 0.00000 0.00000 0.00000 
0.00367 0.00847 0.01109 0.00971 0.01860 0.02429 0.01450 0.01456 0.03530 0.05862 0.04862 0.05801 0.05856 0.32965 0.61026 0.34863 0.04876 0.06278 0.03111 0.02106 0.01769 0.02695 0.02764 0.00796 0.00518 0.01092 0.00545 0.00417 0.00029 0.00066 0.00245 0.00175 0.00023 0.00061 0.00001 0.00000 0.00038 0.00012 0.00000 0.00000 0.00012 0.00000 0.00000 0.00000 0.00000 0.00000 0.00000 0.00000 0.00000 0.00000 0.00000 0.00000 0.00000 0.00000 0.00000 0.00000 0.00000 0.00000 0.00000 0.00000 0.00000 
0.00498 0.00244 0.00367 0.00847 0.01109 0.00971 0.01860 0.02429 0.01450 0.01456 0.03530 0.05862 0.04862 0.05801 0.05856 0.32965 0.61026 0.34863 0.04876 0.06278 0.03111 0.02106 0.01769 0.02695 0.02764 0.00796 0.00518 0.01092 0.00545 0.00417 0.00029 0.00066 0.00245 0.00175 0.00023 0.00061 0.00001 0.00000 0.00038 0.00012 0.00000 0.00000 0.00012 0.00000 0.00000 0.00000 0.00000 0.00000 0.00000 0.00000 0.00000 0.00000 0.00000 0.00000 0.00000 0.00000 0.00000 0.00000 0.00000 0.00000 0.00000 
0.00045 0.00507 0.00498 0.00244 0.00367 0.00847 0.01109 0.00971 0.01860 0.02429 0.01450 0.01456 0.03530 0.05862 0.04862 0.05801 0.05856 0.32965 0.61026 0.34863 0.04876 0.06278 0.03111 0.02106 0.01769 0.02695 0.02764 0.00796 0.00518 0.01092 0.00545 0.00417 0.00029 0.00066 0.00245 0.00175 0.00023 0.00061 0.00001 0.00000 0.00038 0.00012 0.00000 0.00000 0.00012 0.00000 0.00000 0.00000 0.00000 0.00000 0.00000 0.00000 0.00000 0.00000 0.00000 0.00000 0.00000 0.00000 0.00000 0.00000 0.00000 
0.00003 0.04080 0.00045 0.00507 0.00498 0.00244 0.00367 0.00847 0.01109 0.00971 0.01860 0.02429 0.01450 0.01456 0.03530 0.05862 0.04862 0.05801 0.05856 0.32965 0.61026 0.34863 0.04876 0.06278 0.03111 0.02106 0.01769 0.02695 0.02764 0.00796 0.00518 0.01092 0.00545 0.00417 0.00029 0.00066 0.00245 0.00175 0.00023 0.00061 0.00001 0.00000 0.00038 0.00012 0.00000 0.00000 0.00012 0.00000 0.00000 0.00000 0.00000 0.00000 0.00000 0.00000 0.00000 0.00000 0.00000 0.00000 0.00000 0.00000 0.00000 
0.00000 0.00014 0.00003 0.04080 0.00045 0.00507 0.00498 0.00244 0.00367 0.00847 0.01109 0.00971 0.01860 0.02429 0.01450 0.01456 0.03530 0.05862 0.04862 0.05801 0.05856 0.32965 0.61026 0.34863 0.04876 0.06278 0.03111 0.02106 0.01769 0.02695 0.02764 0.00796 0.00518 0.01092 0.00545 0.00417 0.00029 0.00066 0.00245 0.00175 0.00023 0.00061 0.00001 0.00000 0.00038 0.00012 0.00000 0.00000 0.00012 0.00000 0.00000 0.00000 0.00000 0.00000 0.00000 0.00000 0.00000 0.00000 0.00000 0.00000 0.00000 
0.00261 0.00050 0.00000 0.00014 0.00003 0.04080 0.00045 0.00507 0.00498 0.00244 0.00367 0.00847 0.01109 0.00971 0.01860 0.02429 0.01450 0.01456 0.03530 0.05862 0.04862 0.05801 0.05856 0.32965 0.61026 0.34863 0.04876 0.06278 0.03111 0.02106 0.01769 0.02695 0.02764 0.00796 0.00518 0.01092 0.00545 0.00417 0.00029 0.00066 0.00245 0.00175 0.00023 0.00061 0.00001 0.00000 0.00038 0.00012 0.00000 0.00000 0.00012 0.00000 0.00000 0.00000 0.00000 0.00000 0.00000 0.00000 0.00000 0.00000 0.00000 
0.00000 0.00090 0.00261 0.00050 0.00000 0.00014 0.00003 0.04080 0.00045 0.00507 0.00498 0.00244 0.00367 0.00847 0.01109 0.00971 0.01860 0.02429 0.01450 0.01456 0.03530 0.05862 0.04862 0.05801 0.05856 0.32965 0.61026 0.34863 0.04876 0.06278 0.03111 0.02106 0.01769 0.02695 0.02764 0.00796 0.00518 0.01092 0.00545 0.00417 0.00029 0.00066 0.00245 0.00175 0.00023 0.00061 0.00001 0.00000 0.00038 0.00012 0.00000 0.00000 0.00012 0.00000 0.00000 0.00000 0.00000 0.00000 0.00000 0.00000 0.00000 
0.00000 0.00036 0.00000 0.00090 0.00261 0.00050 0.00000 0.00014 0.00003 0.04080 0.00045 0.00507 0.00498 0.00244 0.00367 0.00847 0.01109 0.00971 0.01860 0.02429 0.01450 0.01456 0.03530 0.05862 0.04862 0.05801 0.05856 0.32965 0.61026 0.34863 0.04876 0.06278 0.03111 0.02106 0.01769 0.02695 0.02764 0.00796 0.00518 0.01092 0.00545 0.00417 0.00029 0.00066 0.00245 0.00175 0.00023 0.00061 0.00001 0.00000 0.00038 0.00012 0.00000 0.00000 0.00012 0.00000 0.00000 0.00000 0.00000 0.00000 0.00000 
0.00000 0.00000 0.00000 0.00036 0.00000 0.00090 0.00261 0.00050 0.00000 0.00014 0.00003 0.04080 0.00045 0.00507 0.00498 0.00244 0.00367 0.00847 0.01109 0.00971 0.01860 0.02429 0.01450 0.01456 0.03530 0.05862 0.04862 0.05801 0.05856 0.32965 0.61026 0.34863 0.04876 0.06278 0.03111 0.02106 0.01769 0.02695 0.02764 0.00796 0.00518 0.01092 0.00545 0.00417 0.00029 0.00066 0.00245 0.00175 0.00023 0.00061 0.00001 0.00000 0.00038 0.00012 0.00000 0.00000 0.00012 0.00000 0.00000 0.00000 0.00000 
0.00000 0.00000 0.00000 0.00000 0.00000 0.00036 0.00000 0.00090 0.00261 0.00050 0.00000 0.00014 0.00003 0.04080 0.00045 0.00507 0.00498 0.00244 0.00367 0.00847 0.01109 0.00971 0.01860 0.02429 0.01450 0.01456 0.03530 0.05862 0.04862 0.05801 0.05856 0.32965 0.61026 0.34863 0.04876 0.06278 0.03111 0.02106 0.01769 0.02695 0.02764 0.00796 0.00518 0.01092 0.00545 0.00417 0.00029 0.00066 0.00245 0.00175 0.00023 0.00061 0.00001 0.00000 0.00038 0.00012 0.00000 0.00000 0.00012 0.00000 0.00000 
0.00000 0.00000 0.00000 0.00000 0.00000 0.00000 0.00000 0.00036 0.00000 0.00090 0.00261 0.00050 0.00000 0.00014 0.00003 0.04080 0.00045 0.00507 0.00498 0.00244 0.00367 0.00847 0.01109 0.00971 0.01860 0.02429 0.01450 0.01456 0.03530 0.05862 0.04862 0.05801 0.05856 0.32965 0.61026 0.34863 0.04876 0.06278 0.03111 0.02106 0.01769 0.02695 0.02764 0.00796 0.00518 0.01092 0.00545 0.00417 0.00029 0.00066 0.00245 0.00175 0.00023 0.00061 0.00001 0.00000 0.00038 0.00012 0.00000 0.00000 0.00012 
0.00000 0.00000 0.00000 0.00000 0.00000 0.00000 0.00000 0.00000 0.00000 0.00036 0.00000 0.00090 0.00261 0.00050 0.00000 0.00014 0.00003 0.04080 0.00045 0.00507 0.00498 0.00244 0.00367 0.00847 0.01109 0.00971 0.01860 0.02429 0.01450 0.01456 0.03530 0.05862 0.04862 0.05801 0.05856 0.32965 0.61026 0.34863 0.04876 0.06278 0.03111 0.02106 0.01769 0.02695 0.02764 0.00796 0.00518 0.01092 0.00545 0.00417 0.00029 0.00066 0.00245 0.00175 0.00023 0.00061 0.00001 0.00000 0.00038 0.00012 0.00000 
0.00000 0.00000 0.00000 0.00000 0.00000 0.00000 0.00000 0.00000 0.00000 0.00000 0.00000 0.00036 0.00000 0.00090 0.00261 0.00050 0.00000 0.00014 0.00003 0.04080 0.00045 0.00507 0.00498 0.00244 0.00367 0.00847 0.01109 0.00971 0.01860 0.02429 0.01450 0.01456 0.03530 0.05862 0.04862 0.05801 0.05856 0.32965 0.61026 0.34863 0.04876 0.06278 0.03111 0.02106 0.01769 0.02695 0.02764 0.00796 0.00518 0.01092 0.00545 0.00417 0.00029 0.00066 0.00245 0.00175 0.00023 0.00061 0.00001 0.00000 0.00038 
0.00000 0.00000 0.00000 0.00000 0.00000 0.00000 0.00000 0.00000 0.00000 0.00000 0.00000 0.00000 0.00000 0.00036 0.00000 0.00090 0.00261 0.00050 0.00000 0.00014 0.00003 0.04080 0.00045 0.00507 0.00498 0.00244 0.00367 0.00847 0.01109 0.00971 0.01860 0.02429 0.01450 0.01456 0.03530 0.05862 0.04862 0.05801 0.05856 0.32965 0.61026 0.34863 0.04876 0.06278 0.03111 0.02106 0.01769 0.02695 0.02764 0.00796 0.00518 0.01092 0.00545 0.00417 0.00029 0.00066 0.00245 0.00175 0.00023 0.00061 0.00001 
0.00000 0.00000 0.00000 0.00000 0.00000 0.00000 0.00000 0.00000 0.00000 0.00000 0.00000 0.00000 0.00000 0.00000 0.00000 0.00036 0.00000 0.00090 0.00261 0.00050 0.00000 0.00014 0.00003 0.04080 0.00045 0.00507 0.00498 0.00244 0.00367 0.00847 0.01109 0.00971 0.01860 0.02429 0.01450 0.01456 0.03530 0.05862 0.04862 0.05801 0.05856 0.32965 0.61026 0.34863 0.04876 0.06278 0.03111 0.02106 0.01769 0.02695 0.02764 0.00796 0.00518 0.01092 0.00545 0.00417 0.00029 0.00066 0.00245 0.00175 0.00023 
0.00000 0.00000 0.00000 0.00000 0.00000 0.00000 0.00000 0.00000 0.00000 0.00000 0.00000 0.00000 0.00000 0.00000 0.00000 0.00000 0.00000 0.00036 0.00000 0.00090 0.00261 0.00050 0.00000 0.00014 0.00003 0.04080 0.00045 0.00507 0.00498 0.00244 0.00367 0.00847 0.01109 0.00971 0.01860 0.02429 0.01450 0.01456 0.03530 0.05862 0.04862 0.05801 0.05856 0.32965 0.61026 0.34863 0.04876 0.06278 0.03111 0.02106 0.01769 0.02695 0.02764 0.00796 0.00518 0.01092 0.00545 0.00417 0.00029 0.00066 0.00245 
0.00000 0.00000 0.00000 0.00000 0.00000 0.00000 0.00000 0.00000 0.00000 0.00000 0.00000 0.00000 0.00000 0.00000 0.00000 0.00000 0.00000 0.00000 0.00000 0.00036 0.00000 0.00090 0.00261 0.00050 0.00000 0.00014 0.00003 0.04080 0.00045 0.00507 0.00498 0.00244 0.00367 0.00847 0.01109 0.00971 0.01860 0.02429 0.01450 0.01456 0.03530 0.05862 0.04862 0.05801 0.05856 0.32965 0.61026 0.34863 0.04876 0.06278 0.03111 0.02106 0.01769 0.02695 0.02764 0.00796 0.00518 0.01092 0.00545 0.00417 0.00029 
0.00000 0.00000 0.00000 0.00000 0.00000 0.00000 0.00000 0.00000 0.00000 0.00000 0.00000 0.00000 0.00000 0.00000 0.00000 0.00000 0.00000 0.00000 0.00000 0.00000 0.00000 0.00036 0.00000 0.00090 0.00261 0.00050 0.00000 0.00014 0.00003 0.04080 0.00045 0.00507 0.00498 0.00244 0.00367 0.00847 0.01109 0.00971 0.01860 0.02429 0.01450 0.01456 0.03530 0.05862 0.04862 0.05801 0.05856 0.32965 0.61026 0.34863 0.04876 0.06278 0.03111 0.02106 0.01769 0.02695 0.02764 0.00796 0.00518 0.01092 0.00545 
0.00000 0.00000 0.00000 0.00000 0.00000 0.00000 0.00000 0.00000 0.00000 0.00000 0.00000 0.00000 0.00000 0.00000 0.00000 0.00000 0.00000 0.00000 0.00000 0.00000 0.00000 0.00000 0.00000 0.00036 0.00000 0.00090 0.00261 0.00050 0.00000 0.00014 0.00003 0.04080 0.00045 0.00507 0.00498 0.00244 0.00367 0.00847 0.01109 0.00971 0.01860 0.02429 0.01450 0.01456 0.03530 0.05862 0.04862 0.05801 0.05856 0.32965 0.61026 0.34863 0.04876 0.06278 0.03111 0.02106 0.01769 0.02695 0.02764 0.00796 0.00518 
0.00000 0.00000 0.00000 0.00000 0.00000 0.00000 0.00000 0.00000 0.00000 0.00000 0.00000 0.00000 0.00000 0.00000 0.00000 0.00000 0.00000 0.00000 0.00000 0.00000 0.00000 0.00000 0.00000 0.00000 0.00000 0.00036 0.00000 0.00090 0.00261 0.00050 0.00000 0.00014 0.00003 0.04080 0.00045 0.00507 0.00498 0.00244 0.00367 0.00847 0.01109 0.00971 0.01860 0.02429 0.01450 0.01456 0.03530 0.05862 0.04862 0.05801 0.05856 0.32965 0.61026 0.34863 0.04876 0.06278 0.03111 0.02106 0.01769 0.02695 0.02764 
0.00000 0.00000 0.00000 0.00000 0.00000 0.00000 0.00000 0.00000 0.00000 0.00000 0.00000 0.00000 0.00000 0.00000 0.00000 0.00000 0.00000 0.00000 0.00000 0.00000 0.00000 0.00000 0.00000 0.00000 0.00000 0.00000 0.00000 0.00036 0.00000 0.00090 0.00261 0.00050 0.00000 0.00014 0.00003 0.04080 0.00045 0.00507 0.00498 0.00244 0.00367 0.00847 0.01109 0.00971 0.01860 0.02429 0.01450 0.01456 0.03530 0.05862 0.04862 0.05801 0.05856 0.32965 0.61026 0.34863 0.04876 0.06278 0.03111 0.02106 0.01769 
0.00000 0.00000 0.00000 0.00000 0.00000 0.00000 0.00000 0.00000 0.00000 0.00000 0.00000 0.00000 0.00000 0.00000 0.00000 0.00000 0.00000 0.00000 0.00000 0.00000 0.00000 0.00000 0.00000 0.00000 0.00000 0.00000 0.00000 0.00000 0.00000 0.00036 0.00000 0.00090 0.00261 0.00050 0.00000 0.00014 0.00003 0.04080 0.00045 0.00507 0.00498 0.00244 0.00367 0.00847 0.01109 0.00971 0.01860 0.02429 0.01450 0.01456 0.03530 0.05862 0.04862 0.05801 0.05856 0.32965 0.61026 0.34863 0.04876 0.06278 0.03111 
0.00000 0.00000 0.00000 0.00000 0.00000 0.00000 0.00000 0.00000 0.00000 0.00000 0.00000 0.00000 0.00000 0.00000 0.00000 0.00000 0.00000 0.00000 0.00000 0.00000 0.00000 0.00000 0.00000 0.00000 0.00000 0.00000 0.00000 0.00000 0.00000 0.00000 0.00000 0.00036 0.00000 0.00090 0.00261 0.00050 0.00000 0.00014 0.00003 0.04080 0.00045 0.00507 0.00498 0.00244 0.00367 0.00847 0.01109 0.00971 0.01860 0.02429 0.01450 0.01456 0.03530 0.05862 0.04862 0.05801 0.05856 0.32965 0.61026 0.34863 0.04876 
0.00000 0.00000 0.00000 0.00000 0.00000 0.00000 0.00000 0.00000 0.00000 0.00000 0.00000 0.00000 0.00000 0.00000 0.00000 0.00000 0.00000 0.00000 0.00000 0.00000 0.00000 0.00000 0.00000 0.00000 0.00000 0.00000 0.00000 0.00000 0.00000 0.00000 0.00000 0.00000 0.00000 0.00036 0.00000 0.00090 0.00261 0.00050 0.00000 0.00014 0.00003 0.04080 0.00045 0.00507 0.00498 0.00244 0.00367 0.00847 0.01109 0.00971 0.01860 0.02429 0.01450 0.01456 0.03530 0.05862 0.04862 0.05801 0.05856 0.32965 0.61026 
