0.49091 0.49091 0.07941 0.07941 0.04343 0.04343 0.01322 0.01322 0.00257 0.00257 0.00469 0.00469 0.00452 0.00452 0.00366 0.00366 0.00241 0.00241 0.00024 0.00024 0.00176 0.00176 0.00071 0.00071 0.00035 0.00035 0.00001 0.00001 0.00000 0.00000 0.00000 0.00000 0.00000 0.00000 0.00002 0.00002 0.00002 0.00002 0.00058 0.00058 0.00191 0.00191 0.00000 0.00000 0.00000 0.00000 0.00000 0.00000 0.00000 0.00000 0.00000 0.00000 0.00000 0.00000 0.00000 0.00000 0.00000 0.00000 0.00000 0.00000 0.00000 
0.24330 0.24330 0.49091 0.49091 0.07941 0.07941 0.04343 0.04343 0.01322 0.01322 0.00257 0.00257 0.00469 0.00469 0.00452 0.00452 0.00366 0.00366 0.00241 0.00241 0.00024 0.00024 0.00176 0.00176 0.00071 0.00071 0.00035 0.00035 0.00001 0.00001 0.00000 0.00000 0.00000 0.00000 0.00000 0.00000 0.00002 0.00002 0.00002 0.00002 0.00058 0.00058 0.00191 0.00191 0.00000 0.00000 0.00000 0.00000 0.00000 0.00000 0.00000 0.00000 0.00000 0.00000 0.00000 0.00000 0.00000 0.00000 0.00000 0.00000 0.00000 
0.03989 0.03989 0.24330 0.24330 0.49091 0.49091 0.07941 0.07941 0.04343 0.04343 0.01322 0.01322 0.00257 0.00257 0.00469 0.00469 0.00452 0.00452 0.00366 0.00366 0.00241 0.00241 0.00024 0.00024 0.00176 0.00176 0.00071 0.00071 0.00035 0.00035 0.00001 0.00001 0.00000 0.00000 0.00000 0.00000 0.00000 0.00000 0.00002 0.00002 0.00002 0.00002 0.00058 0.00058 0.00191 0.00191 0.00000 0.00000 0.00000 0.00000 0.00000 0.00000 0.00000 0.00000 0.00000 0.00000 0.00000 0.00000 0.00000 0.00000 0.00000 
0.03428 0.03428 0.03989 0.03989 0.24330 0.24330 0.49091 0.49091 0.07941 0.07941 0.04343 0.04343 0.01322 0.01322 0.00257 0.00257 0.00469 0.00469 0.00452 0.00452 0.00366 0.00366 0.00241 0.00241 0.00024 0.00024 0.00176 0.00176 0.00071 0.00071 0.00035 0.00035 0.00001 0.00001 0.00000 0.00000 0.00000 0.00000 0.00000 0.00000 0.00002 0.00002 0.00002 0.00002 0.00058 0.00058 0.00191 0.00191 0.00000 0.00000 0.00000 0.00000 0.00000 0.00000 0.00000 0.00000 0.00000 0.00000 0.00000 0.00000 0.00000 
0.00911 0.00911 0.03428 0.03428 0.03989 0.03989 0.24330 0.24330 0.49091 0.49091 0.07941 0.07941 0.04343 0.04343 0.01322 0.01322 0.00257 0.00257 0.00469 0.00469 0.00452 0.00452 0.00366 0.00366 0.00241 0.00241 0.00024 0.00024 0.00176 0.00176 0.00071 0.00071 0.00035 0.00035 0.00001 0.00001 0.00000 0.00000 0.00000 0.00000 0.00000 0.00000 0.00002 0.00002 0.00002 0.00002 0.00058 0.00058 0.00191 0.00191 0.00000 0.00000 0.00000 0.00000 0.00000 0.00000 0.00000 0.00000 0.00000 0.00000 0.00000 
0.00506 0.00506 0.00911 0.00911 0.03428 0.03428 0.03989 0.03989 0.24330 0.24330 0.49091 0.49091 0.07941 0.07941 0.04343 0.04343 0.01322 0.01322 0.00257 0.00257 0.00469 0.00469 0.00452 0.00452 0.00366 0.00366 0.00241 0.00241 0.00024 0.00024 0.00176 0.00176 0.00071 0.00071 0.00035 0.00035 0.00001 0.00001 0.00000 0.00000 0.00000 0.00000 0.00000 0.00000 0.00002 0.00002 0.00002 0.00002 0.00058 0.00058 0.00191 0.00191 0.00000 0.00000 0.00000 0.00000 0.00000 0.00000 0.00000 0.00000 0.00000 
0.00571 0.00571 0.00506 0.00506 0.00911 0.00911 0.03428 0.03428 0.03989 0.03989 0.24330 0.24330 0.49091 0.49091 0.07941 0.07941 0.04343 0.04343 0.01322 0.01322 0.00257 0.00257 0.00469 0.00469 0.00452 0.00452 0.00366 0.00366 0.00241 0.00241 0.00024 0.00024 0.00176 0.00176 0.00071 0.00071 0.00035 0.00035 0.00001 0.00001 0.00000 0.00000 0.00000 0.00000 0.00000 0.00000 0.00002 0.00002 0.00002 0.00002 0.00058 0.00058 0.00191 0.00191 0.00000 0.00000 0.00000 0.00000 0.00000 0.00000 0.00000 
0.00974 0.00974 0.00571 0.00571 0.00506 0.00506 0.00911 0.00911 0.03428 0.03428 0.03989 0.03989 0.24330 0.24330 0.49091 0.49091 0.07941 0.07941 0.04343 0.04343 0.01322 0.01322 0.00257 0.00257 0.00469 0.00469 0.00452 0.00452 0.00366 0.00366 0.00241 0.00241 0.00024 0.00024 0.00176 0.00176 0.00071 0.00071 0.00035 0.00035 0.00001 0.00001 0.00000 0.00000 0.00000 0.00000 0.00000 0.00000 0.00002 0.00002 0.00002 0.00002 0.00058 0.00058 0.00191 0.00191 0.00000 0.00000 0.00000 0.00000 0.00000 
0.00025 0.00025 0.00974 0.00974 0.00571 0.00571 0.00506 0.00506 0.00911 0.00911 0.03428 0.03428 0.03989 0.03989 0.24330 0.24330 0.49091 0.49091 0.07941 0.07941 0.04343 0.04343 0.01322 0.01322 0.00257 0.00257 0.00469 0.00469 0.00452 0.00452 0.00366 0.00366 0.00241 0.00241 0.00024 0.00024 0.00176 0.00176 0.00071 0.00071 0.00035 0.00035 0.00001 0.00001 0.00000 0.00000 0.00000 0.00000 0.00000 0.00000 0.00002 0.00002 0.00002 0.00002 0.00058 0.00058 0.00191 0.00191 0.00000 0.00000 0.00000 
0.00076 0.00076 0.00025 0.00025 0.00974 0.00974 0.00571 0.00571 0.00506 0.00506 0.00911 0.00911 0.03428 0.03428 0.03989 0.03989 0.24330 0.24330 0.49091 0.49091 0.07941 0.07941 0.04343 0.04343 0.01322 0.01322 0.00257 0.00257 0.00469 0.00469 0.00452 0.00452 0.00366 0.00366 0.00241 0.00241 0.00024 0.00024 0.00176 0.00176 0.00071 0.00071 0.00035 0.00035 0.00001 0.00001 0.00000 0.00000 0.00000 0.00000 0.00000 0.00000 0.00002 0.00002 0.00002 0.00002 0.00058 0.00058 0.00191 0.00191 0.00000 
0.00015 0.00015 0.00076 0.00076 0.00025 0.00025 0.00974 0.00974 0.00571 0.00571 0.00506 0.00506 0.00911 0.00911 0.03428 0.03428 0.03989 0.03989 0.24330 0.24330 0.49091 0.49091 0.07941 0.07941 0.04343 0.04343 0.01322 0.01322 0.00257 0.00257 0.00469 0.00469 0.00452 0.00452 0.00366 0.00366 0.00241 0.00241 0.00024 0.00024 0.00176 0.00176 0.00071 0.00071 0.00035 0.00035 0.00001 0.00001 0.00000 0.00000 0.00000 0.00000 0.00000 0.00000 0.00002 0.00002 0.00002 0.00002 0.00058 0.00058 0.00191 
0.00000 0.00000 0.00015 0.00015 0.00076 0.00076 0.00025 0.00025 0.00974 0.00974 0.00571 0.00571 0.00506 0.00506 0.00911 0.00911 0.03428 0.03428 0.03989 0.03989 0.24330 0.24330 0.49091 0.49091 0.07941 0.07941 0.04343 0.04343 0.01322 0.01322 0.00257 0.00257 0.00469 0.00469 0.00452 0.00452 0.00366 0.00366 0.00241 0.00241 0.00024 0.00024 0.00176 0.00176 0.00071 0.00071 0.00035 0.00035 0.00001 0.00001 0.00000 0.00000 0.00000 0.00000 0.00000 0.00000 0.00002 0.00002 0.00002 0.00002 0.00058 
0.00000 0.00000 0.00000 0.00000 0.00015 0.00015 0.00076 0.00076 0.00025 0.00025 0.00974 0.00974 0.00571 0.00571 0.00506 0.00506 0.00911 0.00911 0.03428 0.03428 0.03989 0.03989 0.24330 0.24330 0.49091 0.49091 0.07941 0.07941 0.04343 0.04343 0.01322 0.01322 0.00257 0.00257 0.00469 0.00469 0.00452 0.00452 0.00366 0.00366 0.00241 0.00241 0.00024 0.00024 0.00176 0.00176 0.00071 0.00071 0.00035 0.00035 0.00001 0.00001 0.00000 0.00000 0.00000 0.00000 0.00000 0.00000 0.00002 0.00002 0.00002 
0.00000 0.00000 0.00000 0.00000 0.00000 0.00000 0.00015 0.00015 0.00076 0.00076 0.00025 0.00025 0.00974 0.00974 0.00571 0.00571 0.00506 0.00506 0.00911 0.00911 0.03428 0.03428 0.03989 0.03989 0.24330 0.24330 0.49091 0.49091 0.07941 0.07941 0.04343 0.04343 0.01322 0.01322 0.00257 0.00257 0.00469 0.00469 0.00452 0.00452 0.00366 0.00366 0.00241 0.00241 0.00024 0.00024 0.00176 0.00176 0.00071 0.00071 0.00035 0.00035 0.00001 0.00001 0.00000 0.00000 0.00000 0.00000 0.00000 0.00000 0.00002 
0.00000 0.00000 0.00000 0.00000 0.00000 0.00000 0.00000 0.00000 0.00015 0.00015 0.00076 0.00076 0.00025 0.00025 0.00974 0.00974 0.00571 0.00571 0.00506 0.00506 0.00911 0.00911 0.03428 0.03428 0.03989 0.03989 0.24330 0.24330 0.49091 0.49091 0.07941 0.07941 0.04343 0.04343 0.01322 0.01322 0.00257 0.00257 0.00469 0.00469 0.00452 0.00452 0.00366 0.00366 0.00241 0.00241 0.00024 0.00024 0.00176 0.00176 0.00071 0.00071 0.00035 0.00035 0.00001 0.00001 0.00000 0.00000 0.00000 0.00000 0.00000 
0.00000 0.00000 0.00000 0.00000 0.00000 0.00000 0.00000 0.00000 0.00000 0.00000 0.00015 0.00015 0.00076 0.00076 0.00025 0.00025 0.00974 0.00974 0.00571 0.00571 0.00506 0.00506 0.00911 0.00911 0.03428 0.03428 0.03989 0.03989 0.24330 0.24330 0.49091 0.49091 0.07941 0.07941 0.04343 0.04343 0.01322 0.01322 0.00257 0.00257 0.00469 0.00469 0.00452 0.00452 0.00366 0.00366 0.00241 0.00241 0.00024 0.00024 0.00176 0.00176 0.00071 0.00071 0.00035 0.00035 0.00001 0.00001 0.00000 0.00000 0.00000 
0.00042 0.00042 0.00000 0.00000 0.00000 0.00000 0.00000 0.00000 0.00000 0.00000 0.00000 0.00000 0.00015 0.00015 0.00076 0.00076 0.00025 0.00025 0.00974 0.00974 0.00571 0.00571 0.00506 0.00506 0.00911 0.00911 0.03428 0.03428 0.03989 0.03989 0.24330 0.24330 0.49091 0.49091 0.07941 0.07941 0.04343 0.04343 0.01322 0.01322 0.00257 0.00257 0.00469 0.00469 0.00452 0.00452 0.00366 0.00366 0.00241 0.00241 0.00024 0.00024 0.00176 0.00176 0.00071 0.00071 0.00035 0.00035 0.00001 0.00001 0.00000 
0.00000 0.00000 0.00042 0.00042 0.00000 0.00000 0.00000 0.00000 0.00000 0.00000 0.00000 0.00000 0.00000 0.00000 0.00015 0.00015 0.00076 0.00076 0.00025 0.00025 0.00974 0.00974 0.00571 0.00571 0.00506 0.00506 0.00911 0.00911 0.03428 0.03428 0.03989 0.03989 0.24330 0.24330 0.49091 0.49091 0.07941 0.07941 0.04343 0.04343 0.01322 0.01322 0.00257 0.00257 0.00469 0.00469 0.00452 0.00452 0.00366 0.00366 0.00241 0.00241 0.00024 0.00024 0.00176 0.00176 0.00071 0.00071 0.00035 0.00035 0.00001 
0.00000 0.00000 0.00000 0.00000 0.00042 0.00042 0.00000 0.00000 0.00000 0.00000 0.00000 0.00000 0.00000 0.00000 0.00000 0.00000 0.00015 0.00015 0.00076 0.00076 0.00025 0.00025 0.00974 0.00974 0.00571 0.00571 0.00506 0.00506 0.00911 0.00911 0.03428 0.03428 0.03989 0.03989 0.24330 0.24330 0.49091 0.49091 0.07941 0.07941 0.04343 0.04343 0.01322 0.01322 0.00257 0.00257 0.00469 0.00469 0.00452 0.00452 0.00366 0.00366 0.00241 0.00241 0.00024 0.00024 0.00176 0.00176 0.00071 0.00071 0.00035 
0.00094 0.00094 0.00000 0.00000 0.00000 0.00000 0.00042 0.00042 0.00000 0.00000 0.00000 0.00000 0.00000 0.00000 0.00000 0.00000 0.00000 0.00000 0.00015 0.00015 0.00076 0.00076 0.00025 0.00025 0.00974 0.00974 0.00571 0.00571 0.00506 0.00506 0.00911 0.00911 0.03428 0.03428 0.03989 0.03989 0.24330 0.24330 0.49091 0.49091 0.07941 0.07941 0.04343 0.04343 0.01322 0.01322 0.00257 0.00257 0.00469 0.00469 0.00452 0.00452 0.00366 0.00366 0.00241 0.00241 0.00024 0.00024 0.00176 0.00176 0.00071 
0.00000 0.00000 0.00094 0.00094 0.00000 0.00000 0.00000 0.00000 0.00042 0.00042 0.00000 0.00000 0.00000 0.00000 0.00000 0.00000 0.00000 0.00000 0.00000 0.00000 0.00015 0.00015 0.00076 0.00076 0.00025 0.00025 0.00974 0.00974 0.00571 0.00571 0.00506 0.00506 0.00911 0.00911 0.03428 0.03428 0.03989 0.03989 0.24330 0.24330 0.49091 0.49091 0.07941 0.07941 0.04343 0.04343 0.01322 0.01322 0.00257 0.00257 0.00469 0.00469 0.00452 0.00452 0.00366 0.00366 0.00241 0.00241 0.00024 0.00024 0.00176 
0.00000 0.00000 0.00000 0.00000 0.00094 0.00094 0.00000 0.00000 0.00000 0.00000 0.00042 0.00042 0.00000 0.00000 0.00000 0.00000 0.00000 0.00000 0.00000 0.00000 0.00000 0.00000 0.00015 0.00015 0.00076 0.00076 0.00025 0.00025 0.00974 0.00974 0.00571 0.00571 0.00506 0.00506 0.00911 0.00911 0.03428 0.03428 0.03989 0.03989 0.24330 0.24330 0.49091 0.49091 0.07941 0.07941 0.04343 0.04343 0.01322 0.01322 0.00257 0.00257 0.00469 0.00469 0.00452 0.00452 0.00366 0.00366 0.00241 0.00241 0.00024 
0.00000 0.00000 0.00000 0.00000 0.00000 0.00000 0.00094 0.00094 0.00000 0.00000 0.00000 0.00000 0.00042 0.00042 0.00000 0.00000 0.00000 0.00000 0.00000 0.00000 0.00000 0.00000 0.00000 0.00000 0.00015 0.00015 0.00076 0.00076 0.00025 0.00025 0.00974 0.00974 0.00571 0.00571 0.00506 0.00506 0.00911 0.00911 0.03428 0.03428 0.03989 0.03989 0.24330 0.24330 0.49091 0.49091 0.07941 0.07941 0.04343 0.04343 0.01322 0.01322 0.00257 0.00257 0.00469 0.00469 0.00452 0.00452 0.00366 0.00366 0.00241 
0.00000 0.00000 0.00000 0.00000 0.00000 0.00000 0.00000 0.00000 0.00094 0.00094 0.00000 0.00000 0.00000 0.00000 0.00042 0.00042 0.00000 0.00000 0.00000 0.00000 0.00000 0.00000 0.00000 0.00000 0.00000 0.00000 0.00015 0.00015 0.00076 0.00076 0.00025 0.00025 0.00974 0.00974 0.00571 0.00571 0.00506 0.00506 0.00911 0.00911 0.03428 0.03428 0.03989 0.03989 0.24330 0.24330 0.49091 0.49091 0.07941 0.07941 0.04343 0.04343 0.01322 0.01322 0.00257 0.00257 0.00469 0.00469 0.00452 0.00452 0.00366 
0.00000 0.00000 0.00000 0.00000 0.00000 0.00000 0.00000 0.00000 0.00000 0.00000 0.00094 0.00094 0.00000 0.00000 0.00000 0.00000 0.00042 0.00042 0.00000 0.00000 0.00000 0.00000 0.00000 0.00000 0.00000 0.00000 0.00000 0.00000 0.00015 0.00015 0.00076 0.00076 0.00025 0.00025 0.00974 0.00974 0.00571 0.00571 0.00506 0.00506 0.00911 0.00911 0.03428 0.03428 0.03989 0.03989 0.24330 0.24330 0.49091 0.49091 0.07941 0.07941 0.04343 0.04343 0.01322 0.01322 0.00257 0.00257 0.00469 0.00469 0.00452 
0.00000 0.00000 0.00000 0.00000 0.00000 0.00000 0.00000 0.00000 0.00000 0.00000 0.00000 0.00000 0.00094 0.00094 0.00000 0.00000 0.00000 0.00000 0.00042 0.00042 0.00000 0.00000 0.00000 0.00000 0.00000 0.00000 0.00000 0.00000 0.00000 0.00000 0.00015 0.00015 0.00076 0.00076 0.00025 0.00025 0.00974 0.00974 0.00571 0.00571 0.00506 0.00506 0.00911 0.00911 0.03428 0.03428 0.03989 0.03989 0.24330 0.24330 0.49091 0.49091 0.07941 0.07941 0.04343 0.04343 0.01322 0.01322 0.00257 0.00257 0.00469 
0.00000 0.00000 0.00000 0.00000 0.00000 0.00000 0.00000 0.00000 0.00000 0.00000 0.00000 0.00000 0.00000 0.00000 0.00094 0.00094 0.00000 0.00000 0.00000 0.00000 0.00042 0.00042 0.00000 0.00000 0.00000 0.00000 0.00000 0.00000 0.00000 0.00000 0.00000 0.00000 0.00015 0.00015 0.00076 0.00076 0.00025 0.00025 0.00974 0.00974 0.00571 0.00571 0.00506 0.00506 0.00911 0.00911 0.03428 0.03428 0.03989 0.03989 0.24330 0.24330 0.49091 0.49091 0.07941 0.07941 0.04343 0.04343 0.01322 0.01322 0.00257 
0.00000 0.00000 0.00000 0.00000 0.00000 0.00000 0.00000 0.00000 0.00000 0.00000 0.00000 0.00000 0.00000 0.00000 0.00000 0.00000 0.00094 0.00094 0.00000 0.00000 0.00000 0.00000 0.00042 0.00042 0.00000 0.00000 0.00000 0.00000 0.00000 0.00000 0.00000 0.00000 0.00000 0.00000 0.00015 0.00015 0.00076 0.00076 0.00025 0.00025 0.00974 0.00974 0.00571 0.00571 0.00506 0.00506 0.00911 0.00911 0.03428 0.03428 0.03989 0.03989 0.24330 0.24330 0.49091 0.49091 0.07941 0.07941 0.04343 0.04343 0.01322 
0.00000 0.00000 0.00000 0.00000 0.00000 0.00000 0.00000 0.00000 0.00000 0.00000 0.00000 0.00000 0.00000 0.00000 0.00000 0.00000 0.00000 0.00000 0.00094 0.00094 0.00000 0.00000 0.00000 0.00000 0.00042 0.00042 0.00000 0.00000 0.00000 0.00000 0.00000 0.00000 0.00000 0.00000 0.00000 0.00000 0.00015 0.00015 0.00076 0.00076 0.00025 0.00025 0.00974 0.00974 0.00571 0.00571 0.00506 0.00506 0.00911 0.00911 0.03428 0.03428 0.03989 0.03989 0.24330 0.24330 0.49091 0.49091 0.07941 0.07941 0.04343 
0.00000 0.00000 0.00000 0.00000 0.00000 0.00000 0.00000 0.00000 0.00000 0.00000 0.00000 0.00000 0.00000 0.00000 0.00000 0.00000 0.00000 0.00000 0.00000 0.00000 0.00094 0.00094 0.00000 0.00000 0.00000 0.00000 0.00042 0.00042 0.00000 0.00000 0.00000 0.00000 0.00000 0.00000 0.00000 0.00000 0.00000 0.00000 0.00015 0.00015 0.00076 0.00076 0.00025 0.00025 0.00974 0.00974 0.00571 0.00571 0.00506 0.00506 0.00911 0.00911 0.03428 0.03428 0.03989 0.03989 0.24330 0.24330 0.49091 0.49091 0.07941 
0.00000 0.00000 0.00000 0.00000 0.00000 0.00000 0.00000 0.00000 0.00000 0.00000 0.00000 0.00000 0.00000 0.00000 0.00000 0.00000 0.00000 0.00000 0.00000 0.00000 0.00000 0.00000 0.00094 0.00094 0.00000 0.00000 0.00000 0.00000 0.00042 0.00042 0.00000 0.00000 0.00000 0.00000 0.00000 0.00000 0.00000 0.00000 0.00000 0.00000 0.00015 0.00015 0.00076 0.00076 0.00025 0.00025 0.00974 0.00974 0.00571 0.00571 0.00506 0.00506 0.00911 0.00911 0.03428 0.03428 0.03989 0.03989 0.24330 0.24330 0.49091 
