0.52920 0.38468 0.11142 0.05359 0.03444 0.01223 0.00551 0.00977 0.00053 0.00018 0.00030 0.00000 0.00000 0.00307 0.00187 0.00000 0.00112 0.00000 0.00145 0.00029 0.00160 0.00324 0.00279 0.00110 0.00443 0.00000 0.00420 0.00000 0.00738 0.01501 0.02013 0.01525 0.01948 0.01184 0.01087 0.00978 0.00031 0.00000 0.00000 0.00000 0.00000 0.00000 0.00000 0.00000 0.00000 0.00000 0.00000 0.00000 0.00000 0.00000 0.00000 0.00000 0.00000 0.00000 0.00000 0.00000 0.00000 0.00000 0.00000 0.00000 0.00000 0.00000 0.00000 0.00000 0.00000 0.00000 0.00000 0.00000 0.00000 0.00000 0.00000 
0.10283 0.33422 0.52920 0.38468 0.11142 0.05359 0.03444 0.01223 0.00551 0.00977 0.00053 0.00018 0.00030 0.00000 0.00000 0.00307 0.00187 0.00000 0.00112 0.00000 0.00145 0.00029 0.00160 0.00324 0.00279 0.00110 0.00443 0.00000 0.00420 0.00000 0.00738 0.01501 0.02013 0.01525 0.01948 0.01184 0.01087 0.00978 0.00031 0.00000 0.00000 0.00000 0.00000 0.00000 0.00000 0.00000 0.00000 0.00000 0.00000 0.00000 0.00000 0.00000 0.00000 0.00000 0.00000 0.00000 0.00000 0.00000 0.00000 0.00000 0.00000 0.00000 0.00000 0.00000 0.00000 0.00000 0.00000 0.00000 0.00000 0.00000 0.00000 
0.04038 0.01075 0.10283 0.33422 0.52920 0.38468 0.11142 0.05359 0.03444 0.01223 0.00551 0.00977 0.00053 0.00018 0.00030 0.00000 0.00000 0.00307 0.00187 0.00000 0.00112 0.00000 0.00145 0.00029 0.00160 0.00324 0.00279 0.00110 0.00443 0.00000 0.00420 0.00000 0.00738 0.01501 0.02013 0.01525 0.01948 0.01184 0.01087 0.00978 0.00031 0.00000 0.00000 0.00000 0.00000 0.00000 0.00000 0.00000 0.00000 0.00000 0.00000 0.00000 0.00000 0.00000 0.00000 0.00000 0.00000 0.00000 0.00000 0.00000 0.00000 0.00000 0.00000 0.00000 0.00000 0.00000 0.00000 0.00000 0.00000 0.00000 0.00000 
0.04019 0.01559 0.04038 0.01075 0.10283 0.33422 0.52920 0.38468 0.11142 0.05359 0.03444 0.01223 0.00551 0.00977 0.00053 0.00018 0.00030 0.00000 0.00000 0.00307 0.00187 0.00000 0.00112 0.00000 0.00145 0.00029 0.00160 0.00324 0.00279 0.00110 0.00443 0.00000 0.00420 0.00000 0.00738 0.01501 0.02013 0.01525 0.01948 0.01184 0.01087 0.00978 0.00031 0.00000 0.00000 0.00000 0.00000 0.00000 0.00000 0.00000 0.00000 0.00000 0.00000 0.00000 0.00000 0.00000 0.00000 0.00000 0.00000 0.00000 0.00000 0.00000 0.00000 0.00000 0.00000 0.00000 0.00000 0.00000 0.00000 0.00000 0.00000 
0.05207 0.00942 0.04019 0.01559 0.04038 0.01075 0.10283 0.33422 0.52920 0.38468 0.11142 0.05359 0.03444 0.01223 0.00551 0.00977 0.00053 0.00018 0.00030 0.00000 0.00000 0.00307 0.00187 0.00000 0.00112 0.00000 0.00145 0.00029 0.00160 0.00324 0.00279 0.00110 0.00443 0.00000 0.00420 0.00000 0.00738 0.01501 0.02013 0.01525 0.01948 0.01184 0.01087 0.00978 0.00031 0.00000 0.00000 0.00000 0.00000 0.00000 0.00000 0.00000 0.00000 0.00000 0.00000 0.00000 0.00000 0.00000 0.00000 0.00000 0.00000 0.00000 0.00000 0.00000 0.00000 0.00000 0.00000 0.00000 0.00000 0.00000 0.00000 
0.03342 0.03448 0.05207 0.00942 0.04019 0.01559 0.04038 0.01075 0.10283 0.33422 0.52920 0.38468 0.11142 0.05359 0.03444 0.01223 0.00551 0.00977 0.00053 0.00018 0.00030 0.00000 0.00000 0.00307 0.00187 0.00000 0.00112 0.00000 0.00145 0.00029 0.00160 0.00324 0.00279 0.00110 0.00443 0.00000 0.00420 0.00000 0.00738 0.01501 0.02013 0.01525 0.01948 0.01184 0.01087 0.00978 0.00031 0.00000 0.00000 0.00000 0.00000 0.00000 0.00000 0.00000 0.00000 0.00000 0.00000 0.00000 0.00000 0.00000 0.00000 0.00000 0.00000 0.00000 0.00000 0.00000 0.00000 0.00000 0.00000 0.00000 0.00000 
0.02418 0.03690 0.03342 0.03448 0.05207 0.00942 0.04019 0.01559 0.04038 0.01075 0.10283 0.33422 0.52920 0.38468 0.11142 0.05359 0.03444 0.01223 0.00551 0.00977 0.00053 0.00018 0.00030 0.00000 0.00000 0.00307 0.00187 0.00000 0.00112 0.00000 0.00145 0.00029 0.00160 0.00324 0.00279 0.00110 0.00443 0.00000 0.00420 0.00000 0.00738 0.01501 0.02013 0.01525 0.01948 0.01184 0.01087 0.00978 0.00031 0.00000 0.00000 0.00000 0.00000 0.00000 0.00000 0.00000 0.00000 0.00000 0.00000 0.00000 0.00000 0.00000 0.00000 0.00000 0.00000 0.00000 0.00000 0.00000 0.00000 0.00000 0.00000 
0.00086 0.00000 0.02418 0.03690 0.03342 0.03448 0.05207 0.00942 0.04019 0.01559 0.04038 0.01075 0.10283 0.33422 0.52920 0.38468 0.11142 0.05359 0.03444 0.01223 0.00551 0.00977 0.00053 0.00018 0.00030 0.00000 0.00000 0.00307 0.00187 0.00000 0.00112 0.00000 0.00145 0.00029 0.00160 0.00324 0.00279 0.00110 0.00443 0.00000 0.00420 0.00000 0.00738 0.01501 0.02013 0.01525 0.01948 0.01184 0.01087 0.00978 0.00031 0.00000 0.00000 0.00000 0.00000 0.00000 0.00000 0.00000 0.00000 0.00000 0.00000 0.00000 0.00000 0.00000 0.00000 0.00000 0.00000 0.00000 0.00000 0.00000 0.00000 
0.00143 0.00000 0.00086 0.00000 0.02418 0.03690 0.03342 0.03448 0.05207 0.00942 0.04019 0.01559 0.04038 0.01075 0.10283 0.33422 0.52920 0.38468 0.11142 0.05359 0.03444 0.01223 0.00551 0.00977 0.00053 0.00018 0.00030 0.00000 0.00000 0.00307 0.00187 0.00000 0.00112 0.00000 0.00145 0.00029 0.00160 0.00324 0.00279 0.00110 0.00443 0.00000 0.00420 0.00000 0.00738 0.01501 0.02013 0.01525 0.01948 0.01184 0.01087 0.00978 0.00031 0.00000 0.00000 0.00000 0.00000 0.00000 0.00000 0.00000 0.00000 0.00000 0.00000 0.00000 0.00000 0.00000 0.00000 0.00000 0.00000 0.00000 0.00000 
0.00333 0.00001 0.00143 0.00000 0.00086 0.00000 0.02418 0.03690 0.03342 0.03448 0.05207 0.00942 0.04019 0.01559 0.04038 0.01075 0.10283 0.33422 0.52920 0.38468 0.11142 0.05359 0.03444 0.01223 0.00551 0.00977 0.00053 0.00018 0.00030 0.00000 0.00000 0.00307 0.00187 0.00000 0.00112 0.00000 0.00145 0.00029 0.00160 0.00324 0.00279 0.00110 0.00443 0.00000 0.00420 0.00000 0.00738 0.01501 0.02013 0.01525 0.01948 0.01184 0.01087 0.00978 0.00031 0.00000 0.00000 0.00000 0.00000 0.00000 0.00000 0.00000 0.00000 0.00000 0.00000 0.00000 0.00000 0.00000 0.00000 0.00000 0.00000 
0.00010 0.00000 0.00333 0.00001 0.00143 0.00000 0.00086 0.00000 0.02418 0.03690 0.03342 0.03448 0.05207 0.00942 0.04019 0.01559 0.04038 0.01075 0.10283 0.33422 0.52920 0.38468 0.11142 0.05359 0.03444 0.01223 0.00551 0.00977 0.00053 0.00018 0.00030 0.00000 0.00000 0.00307 0.00187 0.00000 0.00112 0.00000 0.00145 0.00029 0.00160 0.00324 0.00279 0.00110 0.00443 0.00000 0.00420 0.00000 0.00738 0.01501 0.02013 0.01525 0.01948 0.01184 0.01087 0.00978 0.00031 0.00000 0.00000 0.00000 0.00000 0.00000 0.00000 0.00000 0.00000 0.00000 0.00000 0.00000 0.00000 0.00000 0.00000 
0.00134 0.00000 0.00010 0.00000 0.00333 0.00001 0.00143 0.00000 0.00086 0.00000 0.02418 0.03690 0.03342 0.03448 0.05207 0.00942 0.04019 0.01559 0.04038 0.01075 0.10283 0.33422 0.52920 0.38468 0.11142 0.05359 0.03444 0.01223 0.00551 0.00977 0.00053 0.00018 0.00030 0.00000 0.00000 0.00307 0.00187 0.00000 0.00112 0.00000 0.00145 0.00029 0.00160 0.00324 0.00279 0.00110 0.00443 0.00000 0.00420 0.00000 0.00738 0.01501 0.02013 0.01525 0.01948 0.01184 0.01087 0.00978 0.00031 0.00000 0.00000 0.00000 0.00000 0.00000 0.00000 0.00000 0.00000 0.00000 0.00000 0.00000 0.00000 
0.00050 0.00000 0.00134 0.00000 0.00010 0.00000 0.00333 0.00001 0.00143 0.00000 0.00086 0.00000 0.02418 0.03690 0.03342 0.03448 0.05207 0.00942 0.04019 0.01559 0.04038 0.01075 0.10283 0.33422 0.52920 0.38468 0.11142 0.05359 0.03444 0.01223 0.00551 0.00977 0.00053 0.00018 0.00030 0.00000 0.00000 0.00307 0.00187 0.00000 0.00112 0.00000 0.00145 0.00029 0.00160 0.00324 0.00279 0.00110 0.00443 0.00000 0.00420 0.00000 0.00738 0.01501 0.02013 0.01525 0.01948 0.01184 0.01087 0.00978 0.00031 0.00000 0.00000 0.00000 0.00000 0.00000 0.00000 0.00000 0.00000 0.00000 0.00000 
0.00000 0.00000 0.00050 0.00000 0.00134 0.00000 0.00010 0.00000 0.00333 0.00001 0.00143 0.00000 0.00086 0.00000 0.02418 0.03690 0.03342 0.03448 0.05207 0.00942 0.04019 0.01559 0.04038 0.01075 0.10283 0.33422 0.52920 0.38468 0.11142 0.05359 0.03444 0.01223 0.00551 0.00977 0.00053 0.00018 0.00030 0.00000 0.00000 0.00307 0.00187 0.00000 0.00112 0.00000 0.00145 0.00029 0.00160 0.00324 0.00279 0.00110 0.00443 0.00000 0.00420 0.00000 0.00738 0.01501 0.02013 0.01525 0.01948 0.01184 0.01087 0.00978 0.00031 0.00000 0.00000 0.00000 0.00000 0.00000 0.00000 0.00000 0.00000 
0.00013 0.00000 0.00000 0.00000 0.00050 0.00000 0.00134 0.00000 0.00010 0.00000 0.00333 0.00001 0.00143 0.00000 0.00086 0.00000 0.02418 0.03690 0.03342 0.03448 0.05207 0.00942 0.04019 0.01559 0.04038 0.01075 0.10283 0.33422 0.52920 0.38468 0.11142 0.05359 0.03444 0.01223 0.00551 0.00977 0.00053 0.00018 0.00030 0.00000 0.00000 0.00307 0.00187 0.00000 0.00112 0.00000 0.00145 0.00029 0.00160 0.00324 0.00279 0.00110 0.00443 0.00000 0.00420 0.00000 0.00738 0.01501 0.02013 0.01525 0.01948 0.01184 0.01087 0.00978 0.00031 0.00000 0.00000 0.00000 0.00000 0.00000 0.00000 
0.00001 0.00011 0.00013 0.00000 0.00000 0.00000 0.00050 0.00000 0.00134 0.00000 0.00010 0.00000 0.00333 0.00001 0.00143 0.00000 0.00086 0.00000 0.02418 0.03690 0.03342 0.03448 0.05207 0.00942 0.04019 0.01559 0.04038 0.01075 0.10283 0.33422 0.52920 0.38468 0.11142 0.05359 0.03444 0.01223 0.00551 0.00977 0.00053 0.00018 0.00030 0.00000 0.00000 0.00307 0.00187 0.00000 0.00112 0.00000 0.00145 0.00029 0.00160 0.00324 0.00279 0.00110 0.00443 0.00000 0.00420 0.00000 0.00738 0.01501 0.02013 0.01525 0.01948 0.01184 0.01087 0.00978 0.00031 0.00000 0.00000 0.00000 0.00000 
0.00089 0.00001 0.00001 0.00011 0.00013 0.00000 0.00000 0.00000 0.00050 0.00000 0.00134 0.00000 0.00010 0.00000 0.00333 0.00001 0.00143 0.00000 0.00086 0.00000 0.02418 0.03690 0.03342 0.03448 0.05207 0.00942 0.04019 0.01559 0.04038 0.01075 0.10283 0.33422 0.52920 0.38468 0.11142 0.05359 0.03444 0.01223 0.00551 0.00977 0.00053 0.00018 0.00030 0.00000 0.00000 0.00307 0.00187 0.00000 0.00112 0.00000 0.00145 0.00029 0.00160 0.00324 0.00279 0.00110 0.00443 0.00000 0.00420 0.00000 0.00738 0.01501 0.02013 0.01525 0.01948 0.01184 0.01087 0.00978 0.00031 0.00000 0.00000 
0.00108 0.00000 0.00089 0.00001 0.00001 0.00011 0.00013 0.00000 0.00000 0.00000 0.00050 0.00000 0.00134 0.00000 0.00010 0.00000 0.00333 0.00001 0.00143 0.00000 0.00086 0.00000 0.02418 0.03690 0.03342 0.03448 0.05207 0.00942 0.04019 0.01559 0.04038 0.01075 0.10283 0.33422 0.52920 0.38468 0.11142 0.05359 0.03444 0.01223 0.00551 0.00977 0.00053 0.00018 0.00030 0.00000 0.00000 0.00307 0.00187 0.00000 0.00112 0.00000 0.00145 0.00029 0.00160 0.00324 0.00279 0.00110 0.00443 0.00000 0.00420 0.00000 0.00738 0.01501 0.02013 0.01525 0.01948 0.01184 0.01087 0.00978 0.00031 
0.00073 0.00043 0.00108 0.00000 0.00089 0.00001 0.00001 0.00011 0.00013 0.00000 0.00000 0.00000 0.00050 0.00000 0.00134 0.00000 0.00010 0.00000 0.00333 0.00001 0.00143 0.00000 0.00086 0.00000 0.02418 0.03690 0.03342 0.03448 0.05207 0.00942 0.04019 0.01559 0.04038 0.01075 0.10283 0.33422 0.52920 0.38468 0.11142 0.05359 0.03444 0.01223 0.00551 0.00977 0.00053 0.00018 0.00030 0.00000 0.00000 0.00307 0.00187 0.00000 0.00112 0.00000 0.00145 0.00029 0.00160 0.00324 0.00279 0.00110 0.00443 0.00000 0.00420 0.00000 0.00738 0.01501 0.02013 0.01525 0.01948 0.01184 0.01087 
0.00000 0.00514 0.00073 0.00043 0.00108 0.00000 0.00089 0.00001 0.00001 0.00011 0.00013 0.00000 0.00000 0.00000 0.00050 0.00000 0.00134 0.00000 0.00010 0.00000 0.00333 0.00001 0.00143 0.00000 0.00086 0.00000 0.02418 0.03690 0.03342 0.03448 0.05207 0.00942 0.04019 0.01559 0.04038 0.01075 0.10283 0.33422 0.52920 0.38468 0.11142 0.05359 0.03444 0.01223 0.00551 0.00977 0.00053 0.00018 0.00030 0.00000 0.00000 0.00307 0.00187 0.00000 0.00112 0.00000 0.00145 0.00029 0.00160 0.00324 0.00279 0.00110 0.00443 0.00000 0.00420 0.00000 0.00738 0.01501 0.02013 0.01525 0.01948 
0.00000 0.00000 0.00000 0.00514 0.00073 0.00043 0.00108 0.00000 0.00089 0.00001 0.00001 0.00011 0.00013 0.00000 0.00000 0.00000 0.00050 0.00000 0.00134 0.00000 0.00010 0.00000 0.00333 0.00001 0.00143 0.00000 0.00086 0.00000 0.02418 0.03690 0.03342 0.03448 0.05207 0.00942 0.04019 0.01559 0.04038 0.01075 0.10283 0.33422 0.52920 0.38468 0.11142 0.05359 0.03444 0.01223 0.00551 0.00977 0.00053 0.00018 0.00030 0.00000 0.00000 0.00307 0.00187 0.00000 0.00112 0.00000 0.00145 0.00029 0.00160 0.00324 0.00279 0.00110 0.00443 0.00000 0.00420 0.00000 0.00738 0.01501 0.02013 
0.00000 0.00000 0.00000 0.00000 0.00000 0.00514 0.00073 0.00043 0.00108 0.00000 0.00089 0.00001 0.00001 0.00011 0.00013 0.00000 0.00000 0.00000 0.00050 0.00000 0.00134 0.00000 0.00010 0.00000 0.00333 0.00001 0.00143 0.00000 0.00086 0.00000 0.02418 0.03690 0.03342 0.03448 0.05207 0.00942 0.04019 0.01559 0.04038 0.01075 0.10283 0.33422 0.52920 0.38468 0.11142 0.05359 0.03444 0.01223 0.00551 0.00977 0.00053 0.00018 0.00030 0.00000 0.00000 0.00307 0.00187 0.00000 0.00112 0.00000 0.00145 0.00029 0.00160 0.00324 0.00279 0.00110 0.00443 0.00000 0.00420 0.00000 0.00738 
0.00000 0.00000 0.00000 0.00000 0.00000 0.00000 0.00000 0.00514 0.00073 0.00043 0.00108 0.00000 0.00089 0.00001 0.00001 0.00011 0.00013 0.00000 0.00000 0.00000 0.00050 0.00000 0.00134 0.00000 0.00010 0.00000 0.00333 0.00001 0.00143 0.00000 0.00086 0.00000 0.02418 0.03690 0.03342 0.03448 0.05207 0.00942 0.04019 0.01559 0.04038 0.01075 0.10283 0.33422 0.52920 0.38468 0.11142 0.05359 0.03444 0.01223 0.00551 0.00977 0.00053 0.00018 0.00030 0.00000 0.00000 0.00307 0.00187 0.00000 0.00112 0.00000 0.00145 0.00029 0.00160 0.00324 0.00279 0.00110 0.00443 0.00000 0.00420 
0.00000 0.00000 0.00000 0.00000 0.00000 0.00000 0.00000 0.00000 0.00000 0.00514 0.00073 0.00043 0.00108 0.00000 0.00089 0.00001 0.00001 0.00011 0.00013 0.00000 0.00000 0.00000 0.00050 0.00000 0.00134 0.00000 0.00010 0.00000 0.00333 0.00001 0.00143 0.00000 0.00086 0.00000 0.02418 0.03690 0.03342 0.03448 0.05207 0.00942 0.04019 0.01559 0.04038 0.01075 0.10283 0.33422 0.52920 0.38468 0.11142 0.05359 0.03444 0.01223 0.00551 0.00977 0.00053 0.00018 0.00030 0.00000 0.00000 0.00307 0.00187 0.00000 0.00112 0.00000 0.00145 0.00029 0.00160 0.00324 0.00279 0.00110 0.00443 
0.00000 0.00000 0.00000 0.00000 0.00000 0.00000 0.00000 0.00000 0.00000 0.00000 0.00000 0.00514 0.00073 0.00043 0.00108 0.00000 0.00089 0.00001 0.00001 0.00011 0.00013 0.00000 0.00000 0.00000 0.00050 0.00000 0.00134 0.00000 0.00010 0.00000 0.00333 0.00001 0.00143 0.00000 0.00086 0.00000 0.02418 0.03690 0.03342 0.03448 0.05207 0.00942 0.04019 0.01559 0.04038 0.01075 0.10283 0.33422 0.52920 0.38468 0.11142 0.05359 0.03444 0.01223 0.00551 0.00977 0.00053 0.00018 0.00030 0.00000 0.00000 0.00307 0.00187 0.00000 0.00112 0.00000 0.00145 0.00029 0.00160 0.00324 0.00279 
0.00000 0.00000 0.00000 0.00000 0.00000 0.00000 0.00000 0.00000 0.00000 0.00000 0.00000 0.00000 0.00000 0.00514 0.00073 0.00043 0.00108 0.00000 0.00089 0.00001 0.00001 0.00011 0.00013 0.00000 0.00000 0.00000 0.00050 0.00000 0.00134 0.00000 0.00010 0.00000 0.00333 0.00001 0.00143 0.00000 0.00086 0.00000 0.02418 0.03690 0.03342 0.03448 0.05207 0.00942 0.04019 0.01559 0.04038 0.01075 0.10283 0.33422 0.52920 0.38468 0.11142 0.05359 0.03444 0.01223 0.00551 0.00977 0.00053 0.00018 0.00030 0.00000 0.00000 0.00307 0.00187 0.00000 0.00112 0.00000 0.00145 0.00029 0.00160 
0.00000 0.00000 0.00000 0.00000 0.00000 0.00000 0.00000 0.00000 0.00000 0.00000 0.00000 0.00000 0.00000 0.00000 0.00000 0.00514 0.00073 0.00043 0.00108 0.00000 0.00089 0.00001 0.00001 0.00011 0.00013 0.00000 0.00000 0.00000 0.00050 0.00000 0.00134 0.00000 0.00010 0.00000 0.00333 0.00001 0.00143 0.00000 0.00086 0.00000 0.02418 0.03690 0.03342 0.03448 0.05207 0.00942 0.04019 0.01559 0.04038 0.01075 0.10283 0.33422 0.52920 0.38468 0.11142 0.05359 0.03444 0.01223 0.00551 0.00977 0.00053 0.00018 0.00030 0.00000 0.00000 0.00307 0.00187 0.00000 0.00112 0.00000 0.00145 
0.00000 0.00000 0.00000 0.00000 0.00000 0.00000 0.00000 0.00000 0.00000 0.00000 0.00000 0.00000 0.00000 0.00000 0.00000 0.00000 0.00000 0.00514 0.00073 0.00043 0.00108 0.00000 0.00089 0.00001 0.00001 0.00011 0.00013 0.00000 0.00000 0.00000 0.00050 0.00000 0.00134 0.00000 0.00010 0.00000 0.00333 0.00001 0.00143 0.00000 0.00086 0.00000 0.02418 0.03690 0.03342 0.03448 0.05207 0.00942 0.04019 0.01559 0.04038 0.01075 0.10283 0.33422 0.52920 0.38468 0.11142 0.05359 0.03444 0.01223 0.00551 0.00977 0.00053 0.00018 0.00030 0.00000 0.00000 0.00307 0.00187 0.00000 0.00112 
0.00000 0.00000 0.00000 0.00000 0.00000 0.00000 0.00000 0.00000 0.00000 0.00000 0.00000 0.00000 0.00000 0.00000 0.00000 0.00000 0.00000 0.00000 0.00000 0.00514 0.00073 0.00043 0.00108 0.00000 0.00089 0.00001 0.00001 0.00011 0.00013 0.00000 0.00000 0.00000 0.00050 0.00000 0.00134 0.00000 0.00010 0.00000 0.00333 0.00001 0.00143 0.00000 0.00086 0.00000 0.02418 0.03690 0.03342 0.03448 0.05207 0.00942 0.04019 0.01559 0.04038 0.01075 0.10283 0.33422 0.52920 0.38468 0.11142 0.05359 0.03444 0.01223 0.00551 0.00977 0.00053 0.00018 0.00030 0.00000 0.00000 0.00307 0.00187 
0.00000 0.00000 0.00000 0.00000 0.00000 0.00000 0.00000 0.00000 0.00000 0.00000 0.00000 0.00000 0.00000 0.00000 0.00000 0.00000 0.00000 0.00000 0.00000 0.00000 0.00000 0.00514 0.00073 0.00043 0.00108 0.00000 0.00089 0.00001 0.00001 0.00011 0.00013 0.00000 0.00000 0.00000 0.00050 0.00000 0.00134 0.00000 0.00010 0.00000 0.00333 0.00001 0.00143 0.00000 0.00086 0.00000 0.02418 0.03690 0.03342 0.03448 0.05207 0.00942 0.04019 0.01559 0.04038 0.01075 0.10283 0.33422 0.52920 0.38468 0.11142 0.05359 0.03444 0.01223 0.00551 0.00977 0.00053 0.00018 0.00030 0.00000 0.00000 
0.00000 0.00000 0.00000 0.00000 0.00000 0.00000 0.00000 0.00000 0.00000 0.00000 0.00000 0.00000 0.00000 0.00000 0.00000 0.00000 0.00000 0.00000 0.00000 0.00000 0.00000 0.00000 0.00000 0.00514 0.00073 0.00043 0.00108 0.00000 0.00089 0.00001 0.00001 0.00011 0.00013 0.00000 0.00000 0.00000 0.00050 0.00000 0.00134 0.00000 0.00010 0.00000 0.00333 0.00001 0.00143 0.00000 0.00086 0.00000 0.02418 0.03690 0.03342 0.03448 0.05207 0.00942 0.04019 0.01559 0.04038 0.01075 0.10283 0.33422 0.52920 0.38468 0.11142 0.05359 0.03444 0.01223 0.00551 0.00977 0.00053 0.00018 0.00030 
0.00000 0.00000 0.00000 0.00000 0.00000 0.00000 0.00000 0.00000 0.00000 0.00000 0.00000 0.00000 0.00000 0.00000 0.00000 0.00000 0.00000 0.00000 0.00000 0.00000 0.00000 0.00000 0.00000 0.00000 0.00000 0.00514 0.00073 0.00043 0.00108 0.00000 0.00089 0.00001 0.00001 0.00011 0.00013 0.00000 0.00000 0.00000 0.00050 0.00000 0.00134 0.00000 0.00010 0.00000 0.00333 0.00001 0.00143 0.00000 0.00086 0.00000 0.02418 0.03690 0.03342 0.03448 0.05207 0.00942 0.04019 0.01559 0.04038 0.01075 0.10283 0.33422 0.52920 0.38468 0.11142 0.05359 0.03444 0.01223 0.00551 0.00977 0.00053 
0.00000 0.00000 0.00000 0.00000 0.00000 0.00000 0.00000 0.00000 0.00000 0.00000 0.00000 0.00000 0.00000 0.00000 0.00000 0.00000 0.00000 0.00000 0.00000 0.00000 0.00000 0.00000 0.00000 0.00000 0.00000 0.00000 0.00000 0.00514 0.00073 0.00043 0.00108 0.00000 0.00089 0.00001 0.00001 0.00011 0.00013 0.00000 0.00000 0.00000 0.00050 0.00000 0.00134 0.00000 0.00010 0.00000 0.00333 0.00001 0.00143 0.00000 0.00086 0.00000 0.02418 0.03690 0.03342 0.03448 0.05207 0.00942 0.04019 0.01559 0.04038 0.01075 0.10283 0.33422 0.52920 0.38468 0.11142 0.05359 0.03444 0.01223 0.00551 
0.00000 0.00000 0.00000 0.00000 0.00000 0.00000 0.00000 0.00000 0.00000 0.00000 0.00000 0.00000 0.00000 0.00000 0.00000 0.00000 0.00000 0.00000 0.00000 0.00000 0.00000 0.00000 0.00000 0.00000 0.00000 0.00000 0.00000 0.00000 0.00000 0.00514 0.00073 0.00043 0.00108 0.00000 0.00089 0.00001 0.00001 0.00011 0.00013 0.00000 0.00000 0.00000 0.00050 0.00000 0.00134 0.00000 0.00010 0.00000 0.00333 0.00001 0.00143 0.00000 0.00086 0.00000 0.02418 0.03690 0.03342 0.03448 0.05207 0.00942 0.04019 0.01559 0.04038 0.01075 0.10283 0.33422 0.52920 0.38468 0.11142 0.05359 0.03444 
0.00000 0.00000 0.00000 0.00000 0.00000 0.00000 0.00000 0.00000 0.00000 0.00000 0.00000 0.00000 0.00000 0.00000 0.00000 0.00000 0.00000 0.00000 0.00000 0.00000 0.00000 0.00000 0.00000 0.00000 0.00000 0.00000 0.00000 0.00000 0.00000 0.00000 0.00000 0.00514 0.00073 0.00043 0.00108 0.00000 0.00089 0.00001 0.00001 0.00011 0.00013 0.00000 0.00000 0.00000 0.00050 0.00000 0.00134 0.00000 0.00010 0.00000 0.00333 0.00001 0.00143 0.00000 0.00086 0.00000 0.02418 0.03690 0.03342 0.03448 0.05207 0.00942 0.04019 0.01559 0.04038 0.01075 0.10283 0.33422 0.52920 0.38468 0.11142 
0.00000 0.00000 0.00000 0.00000 0.00000 0.00000 0.00000 0.00000 0.00000 0.00000 0.00000 0.00000 0.00000 0.00000 0.00000 0.00000 0.00000 0.00000 0.00000 0.00000 0.00000 0.00000 0.00000 0.00000 0.00000 0.00000 0.00000 0.00000 0.00000 0.00000 0.00000 0.00000 0.00000 0.00514 0.00073 0.00043 0.00108 0.00000 0.00089 0.00001 0.00001 0.00011 0.00013 0.00000 0.00000 0.00000 0.00050 0.00000 0.00134 0.00000 0.00010 0.00000 0.00333 0.00001 0.00143 0.00000 0.00086 0.00000 0.02418 0.03690 0.03342 0.03448 0.05207 0.00942 0.04019 0.01559 0.04038 0.01075 0.10283 0.33422 0.52920 
