0.604924 0.000000 0.164043 0.000000 0.010817 0.000000 0.000000 0.000000 0.000000 0.000000 0.000000 0.000000 0.007508 0.006978 0.007468 0.001010 0.001855 0.001643 0.006637 0.016147 0.019826 0.062226 0.006449 0.003769 0.002273 0.004509 0.005459 0.002713 0.007174 0.005733 0.002208 0.005442 0.004646 0.005079 0.004390 0.004976 0.002431 0.002233 0.001471 0.001706 0.001979 0.000288 0.000094 0.000434 0.001418 0.001081 0.002456 0.002782 0.000953 0.002374 0.000738 0.001337 0.000119 0.000048 0.000000 0.000000 0.000055 0.000000 0.000104 0.000000 0.000000 
0.208040 0.000000 0.562861 0.000000 0.062814 0.000000 0.000000 0.000000 0.000000 0.000000 0.000000 0.000000 0.005309 0.004935 0.005340 0.000722 0.001340 0.001187 0.004849 0.011797 0.014645 0.045965 0.004815 0.002814 0.001716 0.003403 0.004166 0.002070 0.005534 0.004422 0.001722 0.004243 0.003662 0.004003 0.003499 0.003966 0.001959 0.001799 0.001197 0.001389 0.001629 0.000237 0.000079 0.000361 0.001193 0.000909 0.002088 0.002366 0.000820 0.002043 0.000640 0.001161 0.000105 0.000042 0.000000 0.000000 0.000050 0.000000 0.000094 0.000000 0.000000 
0.020765 0.000000 0.355241 0.000000 0.395526 0.000000 0.000000 0.000000 0.000000 0.000000 0.000000 0.000000 0.006817 0.006336 0.006930 0.000937 0.001759 0.001558 0.006431 0.015647 0.019636 0.061629 0.006527 0.003815 0.002351 0.004663 0.005770 0.002867 0.007749 0.006193 0.002437 0.006006 0.005240 0.005728 0.005062 0.005737 0.002865 0.002631 0.001770 0.002054 0.002434 0.000354 0.000119 0.000546 0.001822 0.001388 0.003224 0.003652 0.001279 0.003188 0.001011 0.001833 0.000167 0.000067 0.000000 0.000000 0.000081 0.000000 0.000156 0.000000 0.000000 
0.018891 0.000000 0.058332 0.000000 0.410666 0.000000 0.000000 0.000000 0.000000 0.000000 0.000000 0.000000 0.014246 0.013240 0.014639 0.001979 0.003755 0.003326 0.013883 0.033776 0.042845 0.134472 0.014398 0.008414 0.005243 0.010399 0.013006 0.006463 0.017659 0.014112 0.005615 0.013837 0.012203 0.013340 0.011916 0.013504 0.006818 0.006261 0.004259 0.004942 0.005921 0.000861 0.000292 0.001342 0.004528 0.003451 0.008100 0.009176 0.003248 0.008096 0.002596 0.004706 0.000434 0.000174 0.000000 0.000000 0.000216 0.000000 0.000418 0.000000 0.000000 
0.027926 0.000000 0.040710 0.000000 0.051731 0.000000 0.000000 0.000000 0.000000 0.000000 0.000000 0.000000 0.025825 0.024002 0.023468 0.003172 0.006085 0.005390 0.022739 0.055320 0.070951 0.222684 0.024100 0.014084 0.008872 0.017595 0.022251 0.011056 0.030535 0.024402 0.009816 0.024188 0.021567 0.023576 0.021287 0.024125 0.012312 0.011307 0.007775 0.009022 0.010930 0.001589 0.000544 0.002504 0.008537 0.006507 0.015445 0.017496 0.006261 0.015604 0.005059 0.009169 0.000855 0.000342 0.000000 0.000000 0.000433 0.000000 0.000850 0.000000 0.000000 
0.018465 0.000000 0.027076 0.000000 0.016243 0.000000 0.000000 0.000000 0.000000 0.000000 0.000000 0.000000 0.156268 0.145237 0.019140 0.002587 0.004389 0.003888 0.016579 0.040333 0.052284 0.164097 0.017956 0.010494 0.006681 0.013251 0.016939 0.008417 0.023503 0.018783 0.007636 0.018818 0.016962 0.018542 0.016926 0.019183 0.009896 0.009088 0.006317 0.007331 0.008977 0.001305 0.000452 0.002080 0.007167 0.005463 0.013102 0.014842 0.005371 0.013386 0.004387 0.007951 0.000750 0.000300 0.000000 0.000000 0.000388 0.000000 0.000769 0.000000 0.000000 
0.007029 0.000000 0.010420 0.000000 0.006288 0.000000 0.000000 0.000000 0.000000 0.000000 0.000000 0.000000 0.325179 0.302223 0.067407 0.009112 0.002084 0.001845 0.006959 0.016931 0.022186 0.069632 0.007701 0.004501 0.002897 0.005746 0.007425 0.003689 0.010414 0.008322 0.003421 0.008430 0.007680 0.008396 0.007748 0.008781 0.004580 0.004206 0.002955 0.003429 0.004245 0.000617 0.000216 0.000994 0.003464 0.002640 0.006402 0.007252 0.002652 0.006609 0.002190 0.003970 0.000378 0.000151 0.000000 0.000000 0.000200 0.000000 0.000401 0.000000 0.000000 
0.006125 0.000000 0.009178 0.000000 0.005599 0.000000 0.000000 0.000000 0.000000 0.000000 0.000000 0.000000 0.156934 0.145855 0.324561 0.043874 0.016978 0.015038 0.007644 0.018597 0.021550 0.067635 0.007561 0.004419 0.002875 0.005702 0.007450 0.003702 0.010562 0.008441 0.003507 0.008643 0.007961 0.008703 0.008118 0.009200 0.004851 0.004455 0.003165 0.003672 0.004595 0.000668 0.000237 0.001088 0.003832 0.002921 0.007160 0.008111 0.002998 0.007472 0.002502 0.004535 0.000437 0.000175 0.000000 0.000000 0.000237 0.000000 0.000479 0.000000 0.000000 
0.006196 0.000000 0.009385 0.000000 0.005787 0.000000 0.000000 0.000000 0.000000 0.000000 0.000000 0.000000 0.014056 0.013063 0.183807 0.024847 0.095931 0.084967 0.073096 0.177830 0.027776 0.087175 0.008618 0.005037 0.003313 0.006570 0.008676 0.004311 0.012436 0.009938 0.004174 0.010287 0.009578 0.010470 0.009874 0.011191 0.005964 0.005477 0.003933 0.004564 0.005774 0.000839 0.000300 0.001382 0.004920 0.003750 0.009294 0.010528 0.003935 0.009807 0.003319 0.006017 0.000586 0.000234 0.000000 0.000000 0.000324 0.000000 0.000663 0.000000 0.000000 
0.002128 0.000000 0.003259 0.000000 0.002032 0.000000 0.000000 0.000000 0.000000 0.000000 0.000000 0.000000 0.002394 0.002225 0.005651 0.000764 0.018650 0.016519 0.141780 0.344927 0.091179 0.286170 0.003813 0.002229 0.001296 0.002571 0.003431 0.001705 0.004972 0.003973 0.001687 0.004158 0.003913 0.004278 0.004078 0.004622 0.002490 0.002287 0.001660 0.001926 0.002464 0.000358 0.000130 0.000596 0.002145 0.001635 0.004097 0.004641 0.001753 0.004370 0.001496 0.002711 0.000267 0.000107 0.000000 0.000000 0.000151 0.000000 0.000312 0.000000 0.000000 
0.000817 0.000000 0.001265 0.000000 0.000797 0.000000 0.000000 0.000000 0.000000 0.000000 0.000000 0.000000 0.000977 0.000908 0.001088 0.000147 0.000648 0.000574 0.031160 0.075806 0.199926 0.627482 0.014151 0.008270 0.000648 0.001286 0.001518 0.000754 0.002223 0.001776 0.000763 0.001879 0.001788 0.001955 0.001884 0.002135 0.001163 0.001068 0.000784 0.000909 0.001176 0.000171 0.000063 0.000288 0.001046 0.000797 0.002019 0.002288 0.000874 0.002177 0.000753 0.001365 0.000136 0.000054 0.000000 0.000000 0.000078 0.000000 0.000164 0.000000 0.000000 
0.001192 0.000000 0.001865 0.000000 0.001188 0.000000 0.000000 0.000000 0.000000 0.000000 0.000000 0.000000 0.001520 0.001413 0.001704 0.000230 0.000479 0.000424 0.004157 0.010114 0.168657 0.529343 0.119106 0.069607 0.009235 0.018317 0.002914 0.001448 0.003774 0.003016 0.001309 0.003225 0.003102 0.003391 0.003304 0.003744 0.002061 0.001893 0.001404 0.001630 0.002130 0.000310 0.000114 0.000527 0.001937 0.001476 0.003780 0.004282 0.001653 0.004120 0.001441 0.002612 0.000263 0.000105 0.000000 0.000000 0.000155 0.000000 0.000328 0.000000 0.000000 
0.002546 0.000000 0.004028 0.000000 0.002594 0.000000 0.000000 0.000000 0.000000 0.000000 0.000000 0.000000 0.003466 0.003221 0.003927 0.000531 0.001111 0.000984 0.004550 0.011070 0.033321 0.104580 0.148790 0.086955 0.115106 0.228294 0.061471 0.030545 0.010731 0.008576 0.003290 0.008108 0.007884 0.008618 0.008486 0.009618 0.005354 0.004917 0.003687 0.004278 0.005653 0.000822 0.000307 0.001413 0.005253 0.004004 0.010363 0.011739 0.004582 0.011420 0.004037 0.007318 0.000745 0.000298 0.000000 0.000000 0.000449 0.000000 0.000960 0.000000 0.000000 
0.002052 0.000000 0.003282 0.000000 0.002137 0.000000 0.000000 0.000000 0.000000 0.000000 0.000000 0.000000 0.002982 0.002771 0.003415 0.000462 0.000977 0.000865 0.004024 0.009789 0.013909 0.043656 0.011211 0.006552 0.054839 0.108764 0.292185 0.145185 0.086323 0.068986 0.003568 0.008792 0.007559 0.008263 0.008225 0.009322 0.005245 0.004817 0.003652 0.004238 0.005659 0.000823 0.000311 0.001430 0.005376 0.004097 0.010718 0.012142 0.004791 0.011941 0.004268 0.007736 0.000796 0.000318 0.000000 0.000000 0.000490 0.000000 0.001059 0.000000 0.000000 
0.001288 0.000000 0.002083 0.000000 0.001371 0.000000 0.000000 0.000000 0.000000 0.000000 0.000000 0.000000 0.001998 0.001857 0.002313 0.000313 0.000669 0.000592 0.002785 0.006775 0.009684 0.030395 0.003685 0.002154 0.003254 0.006453 0.109610 0.054465 0.323085 0.258198 0.022599 0.055691 0.006454 0.007055 0.006210 0.007038 0.004003 0.003676 0.002817 0.003269 0.004414 0.000642 0.000245 0.001127 0.004284 0.003265 0.008636 0.009783 0.003902 0.009725 0.003514 0.006369 0.000662 0.000265 0.000000 0.000000 0.000417 0.000000 0.000911 0.000000 0.000000 
0.001105 0.000000 0.001805 0.000000 0.001201 0.000000 0.000000 0.000000 0.000000 0.000000 0.000000 0.000000 0.001828 0.001699 0.002140 0.000289 0.000625 0.000554 0.002632 0.006404 0.009254 0.029045 0.003542 0.002070 0.001476 0.002928 0.008978 0.004461 0.167325 0.133720 0.116771 0.287758 0.056439 0.061696 0.007320 0.008296 0.004172 0.003832 0.002968 0.003444 0.004701 0.000683 0.000264 0.001214 0.004663 0.003554 0.009502 0.010764 0.004340 0.010817 0.003951 0.007161 0.000753 0.000301 0.000000 0.000000 0.000484 0.000000 0.001070 0.000000 0.000000 
0.000823 0.000000 0.001360 0.000000 0.000915 0.000000 0.000000 0.000000 0.000000 0.000000 0.000000 0.000000 0.001454 0.001351 0.001721 0.000233 0.000508 0.000450 0.002164 0.005264 0.007688 0.024130 0.002975 0.001738 0.001247 0.002474 0.003581 0.001779 0.012045 0.009626 0.053151 0.130980 0.256305 0.280177 0.056261 0.063762 0.004322 0.003970 0.002719 0.003155 0.004353 0.000633 0.000247 0.001136 0.004412 0.003363 0.009089 0.010296 0.004197 0.010460 0.003862 0.007001 0.000744 0.000298 0.000000 0.000000 0.000489 0.000000 0.001092 0.000000 0.000000 
0.000613 0.000000 0.001024 0.000000 0.000696 0.000000 0.000000 0.000000 0.000000 0.000000 0.000000 0.000000 0.001155 0.001074 0.001382 0.000187 0.000413 0.000366 0.001776 0.004322 0.006381 0.020029 0.002496 0.001459 0.001058 0.002098 0.003055 0.001518 0.004852 0.003877 0.003864 0.009522 0.117822 0.128796 0.258032 0.292436 0.033551 0.030812 0.002845 0.003301 0.004028 0.000585 0.000231 0.001063 0.004171 0.003179 0.008687 0.009840 0.004055 0.010105 0.003772 0.006837 0.000734 0.000294 0.000000 0.000000 0.000494 0.000000 0.001114 0.000000 0.000000 
0.000622 0.000000 0.001052 0.000000 0.000722 0.000000 0.000000 0.000000 0.000000 0.000000 0.000000 0.000000 0.001252 0.001164 0.001514 0.000205 0.000457 0.000405 0.001989 0.004839 0.007223 0.022671 0.002856 0.001669 0.001224 0.002427 0.003572 0.001775 0.005707 0.004561 0.002146 0.005288 0.011809 0.012909 0.163533 0.185337 0.212145 0.194827 0.030445 0.035328 0.005809 0.000844 0.000295 0.001355 0.005378 0.004099 0.011321 0.012824 0.005342 0.013315 0.005024 0.009106 0.000989 0.000396 0.000000 0.000000 0.000679 0.000000 0.001549 0.000000 0.000000 
0.000643 0.000000 0.001098 0.000000 0.000763 0.000000 0.000000 0.000000 0.000000 0.000000 0.000000 0.000000 0.001381 0.001283 0.001688 0.000228 0.000515 0.000456 0.002266 0.005512 0.008319 0.026108 0.003325 0.001943 0.001440 0.002857 0.004250 0.002112 0.006864 0.005485 0.002596 0.006397 0.006745 0.007373 0.016859 0.019107 0.138289 0.127000 0.198002 0.229757 0.063942 0.009294 0.000437 0.002011 0.007056 0.005378 0.015013 0.017008 0.007161 0.017848 0.006808 0.012340 0.001355 0.000542 0.000000 0.000000 0.000951 0.000000 0.002192 0.000000 0.000000 
0.000612 0.000000 0.001056 0.000000 0.000742 0.000000 0.000000 0.000000 0.000000 0.000000 0.000000 0.000000 0.001403 0.001303 0.001733 0.000234 0.000535 0.000474 0.002377 0.005783 0.008822 0.027690 0.003565 0.002084 0.001561 0.003096 0.004658 0.002314 0.007603 0.006076 0.002907 0.007164 0.007598 0.008305 0.008965 0.010161 0.013274 0.012190 0.120172 0.139445 0.387186 0.056277 0.004480 0.020608 0.009746 0.007428 0.018339 0.020775 0.008842 0.022038 0.008497 0.015401 0.001709 0.000684 0.000000 0.000000 0.001226 0.000000 0.002858 0.000000 0.000000 
0.000638 0.000000 0.001113 0.000000 0.000789 0.000000 0.000000 0.000000 0.000000 0.000000 0.000000 0.000000 0.001559 0.001449 0.001948 0.000263 0.000607 0.000538 0.002730 0.006641 0.010241 0.032142 0.004183 0.002445 0.001852 0.003673 0.005585 0.002775 0.009218 0.007367 0.003563 0.008780 0.009413 0.010290 0.011172 0.012662 0.007809 0.007172 0.012761 0.014808 0.259976 0.037787 0.030012 0.138056 0.110501 0.084220 0.028026 0.031748 0.011950 0.029782 0.011608 0.021039 0.002360 0.000944 0.000000 0.000000 0.001730 0.000000 0.004077 0.000000 0.000000 
0.000267 0.000000 0.000470 0.000000 0.000338 0.000000 0.000000 0.000000 0.000000 0.000000 0.000000 0.000000 0.000696 0.000647 0.000879 0.000119 0.000277 0.000245 0.001259 0.003062 0.004773 0.014981 0.001971 0.001152 0.000882 0.001749 0.002689 0.001336 0.004487 0.003586 0.001753 0.004320 0.004682 0.005118 0.005618 0.006367 0.003950 0.003628 0.003047 0.003536 0.011206 0.001629 0.008179 0.037626 0.300463 0.229002 0.128970 0.146101 0.007412 0.018473 0.006367 0.011540 0.001309 0.000523 0.000000 0.000000 0.000980 0.000000 0.002335 0.000000 0.000000 
0.000103 0.000000 0.000183 0.000000 0.000133 0.000000 0.000000 0.000000 0.000000 0.000000 0.000000 0.000000 0.000286 0.000266 0.000366 0.000049 0.000117 0.000103 0.000535 0.001302 0.002052 0.006440 0.000857 0.000501 0.000387 0.000768 0.001194 0.000593 0.002014 0.001610 0.000796 0.001961 0.002148 0.002348 0.002606 0.002953 0.001852 0.001701 0.001437 0.001668 0.002495 0.000363 0.000329 0.001512 0.076347 0.058189 0.326954 0.370384 0.031801 0.079259 0.003682 0.006674 0.000669 0.000268 0.000000 0.000000 0.000512 0.000000 0.001234 0.000000 0.000000 
0.000074 0.000000 0.000134 0.000000 0.000098 0.000000 0.000000 0.000000 0.000000 0.000000 0.000000 0.000000 0.000220 0.000205 0.000284 0.000038 0.000092 0.000081 0.000425 0.001035 0.001648 0.005174 0.000696 0.000407 0.000318 0.000631 0.000991 0.000492 0.001690 0.001351 0.000675 0.001663 0.001842 0.002014 0.002259 0.002560 0.001623 0.001490 0.001273 0.001477 0.002223 0.000323 0.000138 0.000636 0.005797 0.004418 0.156979 0.177830 0.152334 0.379662 0.029851 0.054105 0.000731 0.000293 0.000000 0.000000 0.000500 0.000000 0.001218 0.000000 0.000000 
0.000073 0.000000 0.000133 0.000000 0.000098 0.000000 0.000000 0.000000 0.000000 0.000000 0.000000 0.000000 0.000230 0.000214 0.000301 0.000041 0.000098 0.000087 0.000460 0.001118 0.001801 0.005652 0.000768 0.000449 0.000355 0.000704 0.001119 0.000556 0.001928 0.001541 0.000778 0.001918 0.002148 0.002348 0.002662 0.003017 0.001934 0.001776 0.001533 0.001779 0.002707 0.000393 0.000169 0.000779 0.003352 0.002555 0.016382 0.018558 0.100522 0.250531 0.196526 0.356203 0.008148 0.003259 0.000000 0.000000 0.000664 0.000000 0.001635 0.000000 0.000000 
0.000127 0.000000 0.000234 0.000000 0.000176 0.000000 0.000000 0.000000 0.000000 0.000000 0.000000 0.000000 0.000430 0.000400 0.000567 0.000077 0.000187 0.000165 0.000886 0.002156 0.003509 0.011013 0.001513 0.000885 0.000707 0.001403 0.002252 0.001119 0.003924 0.003136 0.001601 0.003945 0.004466 0.004882 0.005597 0.006343 0.004110 0.003774 0.003295 0.003823 0.005879 0.000855 0.000372 0.001711 0.007403 0.005642 0.017082 0.019351 0.018919 0.047152 0.233875 0.423898 0.096747 0.038699 0.000000 0.000000 0.001800 0.000000 0.003916 0.000000 0.000000 
0.000321 0.000000 0.000597 0.000000 0.000453 0.000000 0.000000 0.000000 0.000000 0.000000 0.000000 0.000000 0.001161 0.001079 0.001549 0.000209 0.000515 0.000456 0.002471 0.006010 0.009899 0.031068 0.004313 0.002521 0.002038 0.004042 0.006559 0.003259 0.011553 0.009233 0.004766 0.011745 0.013438 0.014690 0.017024 0.019294 0.012638 0.011606 0.010242 0.011885 0.018477 0.002686 0.001181 0.005434 0.023776 0.018121 0.055183 0.062513 0.028853 0.071911 0.064380 0.116689 0.168397 0.067359 0.000000 0.000000 0.052891 0.000000 0.015514 0.000000 0.000000 
0.000244 0.000000 0.000458 0.000000 0.000350 0.000000 0.000000 0.000000 0.000000 0.000000 0.000000 0.000000 0.000940 0.000874 0.001266 0.000171 0.000426 0.000377 0.002064 0.005022 0.008356 0.026226 0.003685 0.002154 0.001759 0.003488 0.005724 0.002844 0.010191 0.008144 0.004250 0.010474 0.012115 0.013243 0.015514 0.017582 0.011642 0.010691 0.009539 0.011068 0.017396 0.002528 0.001124 0.005172 0.022875 0.017434 0.053672 0.060802 0.028228 0.070354 0.029736 0.053896 0.014039 0.005615 0.000000 0.000000 0.278165 0.000000 0.138083 0.000000 0.000000 
0.000000 0.000000 0.000000 0.000000 0.000000 0.000000 0.000000 0.000000 0.000000 0.000000 0.000000 0.000000 0.000000 0.000000 0.000000 0.000000 0.000000 0.000000 0.000000 0.000000 0.000000 0.000000 0.000000 0.000000 0.000000 0.000000 0.000000 0.000000 0.000000 0.000000 0.000000 0.000000 0.000000 0.000000 0.000000 0.000000 0.000000 0.000000 0.000000 0.000000 0.000000 0.000000 0.000000 0.000000 0.000000 0.000000 0.000000 0.000000 0.000000 0.000000 0.000000 0.000000 0.000000 0.000000 0.000000 0.000000 0.000000 0.000000 0.000000 0.000000 0.000000 
0.000000 0.000000 0.000000 0.000000 0.000000 0.000000 0.000000 0.000000 0.000000 0.000000 0.000000 0.000000 0.000000 0.000000 0.000000 0.000000 0.000000 0.000000 0.000000 0.000000 0.000000 0.000000 0.000000 0.000000 0.000000 0.000000 0.000000 0.000000 0.000000 0.000000 0.000000 0.000000 0.000000 0.000000 0.000000 0.000000 0.000000 0.000000 0.000000 0.000000 0.000000 0.000000 0.000000 0.000000 0.000000 0.000000 0.000000 0.000000 0.000000 0.000000 0.000000 0.000000 0.000000 0.000000 0.000000 0.000000 0.000000 0.000000 0.000000 0.000000 0.000000 
