0.473710 0.167095 0.000000 0.166001 0.005942 0.000000 0.013363 0.008614 0.010473 0.009945 0.008015 0.001145 0.002546 0.005878 0.009571 0.000000 0.013155 0.000000 0.000000 0.000590 0.018830 0.000000 0.000000 0.003852 0.003222 0.000066 0.000416 0.000951 0.001579 0.003053 0.003181 0.001706 0.003634 0.002476 0.002019 0.004551 0.004525 0.008411 0.008856 0.005863 0.002845 0.003774 0.004322 0.002848 0.000753 0.000927 0.000702 0.001576 0.001439 0.001473 0.001381 0.001341 0.000739 0.000896 0.000607 0.000699 0.000321 0.000031 0.000009 0.000007 0.000010 0.000007 0.000009 0.000001 0.000002 0.000043 
0.168347 0.059382 0.000000 0.588571 0.035653 0.000000 0.010808 0.006967 0.007491 0.007113 0.005795 0.000828 0.001861 0.004296 0.007072 0.000000 0.009825 0.000000 0.000000 0.000446 0.014374 0.000000 0.000000 0.002972 0.002513 0.000052 0.000328 0.000750 0.001259 0.002434 0.002563 0.001374 0.002960 0.002017 0.001663 0.003748 0.003767 0.007003 0.007450 0.004933 0.002421 0.003210 0.003717 0.002449 0.000654 0.000806 0.000617 0.001385 0.001280 0.001310 0.001239 0.001203 0.000670 0.000813 0.000558 0.000643 0.000298 0.000028 0.000009 0.000006 0.000010 0.000006 0.000008 0.000001 0.000002 0.000042 
0.016938 0.005975 0.000000 0.374438 0.226298 0.000000 0.116103 0.074838 0.010846 0.010299 0.007420 0.001060 0.002408 0.005560 0.009251 0.000000 0.012995 0.000000 0.000000 0.000596 0.019426 0.000000 0.000000 0.004061 0.003471 0.000072 0.000458 0.001047 0.001777 0.003435 0.003657 0.001961 0.004270 0.002909 0.002425 0.005466 0.005554 0.010324 0.011103 0.007351 0.003645 0.004835 0.005660 0.003730 0.001007 0.001241 0.000959 0.002155 0.002013 0.002061 0.001972 0.001915 0.001077 0.001306 0.000907 0.001045 0.000490 0.000047 0.000014 0.000011 0.000016 0.000011 0.000014 0.000002 0.000003 0.000072 
0.000000 0.000000 0.000000 0.000000 0.000000 0.000000 0.000000 0.000000 0.000000 0.000000 0.000000 0.000000 0.000000 0.000000 0.000000 0.000000 0.000000 0.000000 0.000000 0.000000 0.000000 0.000000 0.000000 0.000000 0.000000 0.000000 0.000000 0.000000 0.000000 0.000000 0.000000 0.000000 0.000000 0.000000 0.000000 0.000000 0.000000 0.000000 0.000000 0.000000 0.000000 0.000000 0.000000 0.000000 0.000000 0.000000 0.000000 0.000000 0.000000 0.000000 0.000000 0.000000 0.000000 0.000000 0.000000 0.000000 0.000000 0.000000 0.000000 0.000000 0.000000 0.000000 0.000000 0.000000 0.000000 0.000000 
0.004116 0.001452 0.000000 0.007753 0.005348 0.000000 0.173093 0.111573 0.273034 0.259265 0.042608 0.006085 0.001649 0.003806 0.005661 0.000000 0.008124 0.000000 0.000000 0.000381 0.012683 0.000000 0.000000 0.002709 0.002367 0.000049 0.000319 0.000730 0.001265 0.002446 0.002661 0.001427 0.003175 0.002163 0.001842 0.004153 0.004313 0.008017 0.008813 0.005835 0.002957 0.003922 0.004690 0.003091 0.000853 0.001051 0.000830 0.001865 0.001780 0.001823 0.001783 0.001731 0.000995 0.001207 0.000856 0.000986 0.000472 0.000045 0.000014 0.000011 0.000017 0.000011 0.000015 0.000002 0.000003 0.000076 
0.000000 0.000000 0.000000 0.000000 0.000000 0.000000 0.000000 0.000000 0.000000 0.000000 0.000000 0.000000 0.000000 0.000000 0.000000 0.000000 0.000000 0.000000 0.000000 0.000000 0.000000 0.000000 0.000000 0.000000 0.000000 0.000000 0.000000 0.000000 0.000000 0.000000 0.000000 0.000000 0.000000 0.000000 0.000000 0.000000 0.000000 0.000000 0.000000 0.000000 0.000000 0.000000 0.000000 0.000000 0.000000 0.000000 0.000000 0.000000 0.000000 0.000000 0.000000 0.000000 0.000000 0.000000 0.000000 0.000000 0.000000 0.000000 0.000000 0.000000 0.000000 0.000000 0.000000 0.000000 0.000000 0.000000 
0.005984 0.002111 0.000000 0.011462 0.003754 0.000000 0.010354 0.006674 0.018641 0.017701 0.183512 0.026209 0.119890 0.276776 0.093909 0.000000 0.016064 0.000000 0.000000 0.000673 0.022906 0.000000 0.000000 0.005001 0.004464 0.000092 0.000615 0.001407 0.002492 0.004818 0.005357 0.002873 0.006531 0.004450 0.003873 0.008731 0.009265 0.017224 0.019346 0.012809 0.006634 0.008799 0.010755 0.007088 0.001999 0.002463 0.001988 0.004466 0.004355 0.004459 0.004458 0.004327 0.002543 0.003084 0.002235 0.002575 0.001262 0.000120 0.000039 0.000029 0.000046 0.000031 0.000042 0.000006 0.000009 0.000220 
0.004911 0.001732 0.000000 0.009510 0.003149 0.000000 0.008736 0.005631 0.007425 0.007050 0.013193 0.001884 0.054500 0.125818 0.425910 0.000000 0.123302 0.000000 0.000000 0.000696 0.020957 0.000000 0.000000 0.004625 0.004173 0.000086 0.000582 0.001329 0.002381 0.004603 0.005173 0.002774 0.006377 0.004345 0.003822 0.008616 0.009243 0.017183 0.019513 0.012920 0.006764 0.008971 0.011085 0.007305 0.002083 0.002566 0.002094 0.004704 0.004638 0.004749 0.004797 0.004657 0.002768 0.003356 0.002458 0.002833 0.001403 0.000134 0.000043 0.000033 0.000052 0.000035 0.000048 0.000007 0.000011 0.000256 
0.003890 0.001372 0.000000 0.007615 0.002549 0.000000 0.007148 0.004608 0.006111 0.005803 0.005127 0.000732 0.003822 0.008825 0.188884 0.000000 0.545564 0.000000 0.000000 0.005214 0.021152 0.000000 0.000000 0.004128 0.003765 0.000078 0.000530 0.001212 0.002195 0.004244 0.004822 0.002585 0.006008 0.004093 0.003641 0.008207 0.008899 0.016544 0.018993 0.012575 0.006656 0.008828 0.011026 0.007266 0.002094 0.002581 0.002129 0.004782 0.004767 0.004880 0.004984 0.004838 0.002905 0.003524 0.002610 0.003007 0.001505 0.000143 0.000047 0.000035 0.000057 0.000038 0.000054 0.000008 0.000012 0.000286 
0.004657 0.001643 0.000000 0.009217 0.003119 0.000000 0.008842 0.005699 0.007641 0.007256 0.006448 0.000921 0.002270 0.005240 0.020244 0.000000 0.369713 0.000000 0.000000 0.035251 0.242040 0.000000 0.000000 0.006367 0.005135 0.000106 0.000731 0.001671 0.003059 0.005914 0.006793 0.003643 0.008556 0.005830 0.005242 0.011816 0.012954 0.024081 0.027942 0.018500 0.009900 0.013129 0.016579 0.010926 0.003183 0.003922 0.003271 0.007347 0.007404 0.007581 0.007827 0.007598 0.004613 0.005594 0.004187 0.004825 0.002442 0.000233 0.000077 0.000058 0.000095 0.000063 0.000090 0.000013 0.000021 0.000485 
0.002451 0.000864 0.000000 0.004903 0.001677 0.000000 0.004807 0.003099 0.004200 0.003988 0.003583 0.000512 0.001268 0.002928 0.005341 0.000000 0.017607 0.000000 0.000000 0.010615 0.727168 0.000000 0.000000 0.032372 0.003519 0.000073 0.000443 0.001013 0.001874 0.003623 0.004206 0.002256 0.005357 0.003650 0.003317 0.007477 0.008287 0.015405 0.018072 0.011966 0.006472 0.008583 0.010957 0.007221 0.002127 0.002621 0.002209 0.004962 0.005055 0.005175 0.005402 0.005244 0.003219 0.003904 0.002954 0.003403 0.001741 0.000166 0.000056 0.000042 0.000069 0.000046 0.000066 0.000009 0.000015 0.000361 
0.002710 0.000956 0.000000 0.005480 0.001895 0.000000 0.005491 0.003540 0.004850 0.004605 0.004182 0.000597 0.001497 0.003456 0.006340 0.000000 0.009866 0.000000 0.000000 0.001074 0.465052 0.000000 0.000000 0.206553 0.038003 0.000784 0.000645 0.001475 0.002412 0.004663 0.005473 0.002935 0.007045 0.004800 0.004410 0.009942 0.011137 0.020704 0.024554 0.016257 0.008890 0.011790 0.015212 0.010025 0.002985 0.003678 0.003135 0.007042 0.007251 0.007424 0.007833 0.007604 0.004718 0.005722 0.004377 0.005044 0.002608 0.000248 0.000084 0.000063 0.000106 0.000071 0.000103 0.000015 0.000024 0.000565 
0.003569 0.001259 0.000000 0.007296 0.002551 0.000000 0.007471 0.004816 0.006671 0.006334 0.005815 0.000831 0.002104 0.004857 0.009009 0.000000 0.014102 0.000000 0.000000 0.000724 0.056643 0.000000 0.000000 0.159075 0.292004 0.006022 0.008389 0.019175 0.004228 0.008174 0.008484 0.004549 0.011038 0.007520 0.006985 0.015745 0.017833 0.033151 0.039740 0.026311 0.014544 0.019289 0.025164 0.016583 0.004991 0.006150 0.005299 0.011902 0.012391 0.012686 0.013530 0.013134 0.008239 0.009992 0.007727 0.008904 0.004655 0.000443 0.000152 0.000114 0.000193 0.000129 0.000189 0.000027 0.000045 0.001053 
0.003391 0.001196 0.000000 0.007008 0.002477 0.000000 0.007333 0.004727 0.006619 0.006285 0.005833 0.000833 0.002134 0.004926 0.009235 0.000000 0.014615 0.000000 0.000000 0.000755 0.027875 0.000000 0.000000 0.014130 0.164007 0.003382 0.047008 0.107448 0.040095 0.077518 0.010845 0.005815 0.012478 0.008501 0.007981 0.017992 0.020596 0.038288 0.046405 0.030724 0.017168 0.022768 0.030025 0.019787 0.006021 0.007419 0.006461 0.014513 0.015274 0.015637 0.016862 0.016369 0.010379 0.012587 0.009840 0.011339 0.005992 0.000571 0.000198 0.000148 0.000254 0.000169 0.000251 0.000036 0.000060 0.001416 
0.002075 0.000732 0.000000 0.004335 0.001549 0.000000 0.004635 0.002988 0.004229 0.004016 0.003768 0.000538 0.001393 0.003217 0.006097 0.000000 0.009753 0.000000 0.000000 0.000509 0.018915 0.000000 0.000000 0.004527 0.009483 0.000196 0.017187 0.039285 0.146257 0.282764 0.066948 0.035900 0.010383 0.007074 0.005873 0.013239 0.015320 0.028480 0.034888 0.023099 0.013050 0.017307 0.023070 0.015203 0.004677 0.005763 0.005074 0.011397 0.012123 0.012412 0.013530 0.013134 0.008420 0.010211 0.008069 0.009298 0.004967 0.000473 0.000166 0.000124 0.000215 0.000144 0.000215 0.000031 0.000052 0.001226 
0.001345 0.000474 0.000000 0.002841 0.001026 0.000000 0.003104 0.002001 0.002863 0.002719 0.002579 0.000368 0.000964 0.002226 0.004265 0.000000 0.006897 0.000000 0.000000 0.000364 0.013669 0.000000 0.000000 0.003290 0.003254 0.000067 0.001065 0.002433 0.057281 0.110743 0.261597 0.140277 0.068663 0.046781 0.005235 0.011801 0.012076 0.022449 0.027799 0.018405 0.010510 0.013938 0.018785 0.012379 0.003849 0.004743 0.004221 0.009482 0.010198 0.010441 0.011504 0.011167 0.007237 0.008777 0.007012 0.008080 0.004363 0.000416 0.000147 0.000110 0.000193 0.000129 0.000195 0.000028 0.000048 0.001124 
0.000890 0.000314 0.000000 0.001901 0.000694 0.000000 0.002122 0.001368 0.001979 0.001879 0.001802 0.000257 0.000681 0.001572 0.003045 0.000000 0.004978 0.000000 0.000000 0.000266 0.010082 0.000000 0.000000 0.002453 0.002441 0.000050 0.000377 0.000862 0.003661 0.007078 0.105717 0.056689 0.276840 0.188616 0.035722 0.080526 0.011107 0.020648 0.022610 0.014970 0.008641 0.011460 0.015610 0.010287 0.003234 0.003985 0.003585 0.008053 0.008755 0.008964 0.009986 0.009693 0.006349 0.007700 0.006219 0.007166 0.003913 0.000373 0.000133 0.000100 0.000177 0.000118 0.000181 0.000026 0.000045 0.001053 
0.000547 0.000193 0.000000 0.001180 0.000436 0.000000 0.001347 0.000868 0.001270 0.001206 0.001169 0.000167 0.000446 0.001031 0.002018 0.000000 0.003336 0.000000 0.000000 0.000180 0.006905 0.000000 0.000000 0.001699 0.001708 0.000035 0.000265 0.000607 0.001217 0.002352 0.006342 0.003401 0.105013 0.071547 0.135191 0.304752 0.071140 0.132248 0.019520 0.012924 0.006597 0.008749 0.012047 0.007939 0.002523 0.003108 0.002827 0.006351 0.006979 0.007146 0.008047 0.007811 0.005173 0.006274 0.005121 0.005901 0.003257 0.000310 0.000112 0.000084 0.000151 0.000100 0.000156 0.000022 0.000039 0.000916 
0.000263 0.000093 0.000000 0.000574 0.000214 0.000000 0.000669 0.000431 0.000637 0.000605 0.000593 0.000085 0.000229 0.000529 0.001047 0.000000 0.001749 0.000000 0.000000 0.000095 0.003699 0.000000 0.000000 0.000920 0.000935 0.000019 0.000147 0.000336 0.000677 0.001310 0.001667 0.000894 0.004982 0.003394 0.040552 0.091414 0.212903 0.395781 0.098868 0.065459 0.004504 0.005973 0.007273 0.004793 0.001540 0.001897 0.001744 0.003917 0.004353 0.004456 0.005073 0.004924 0.003296 0.003998 0.003300 0.003802 0.002121 0.000202 0.000074 0.000055 0.000100 0.000067 0.000105 0.000015 0.000026 0.000623 
0.000160 0.000056 0.000000 0.000352 0.000133 0.000000 0.000420 0.000271 0.000405 0.000384 0.000381 0.000054 0.000149 0.000343 0.000686 0.000000 0.001159 0.000000 0.000000 0.000064 0.002506 0.000000 0.000000 0.000630 0.000647 0.000013 0.000103 0.000235 0.000479 0.000926 0.001186 0.000636 0.001674 0.001140 0.002459 0.005543 0.081631 0.151749 0.378202 0.250403 0.029157 0.038669 0.006347 0.004182 0.001188 0.001464 0.001360 0.003056 0.003432 0.003513 0.004044 0.003925 0.002656 0.003221 0.002688 0.003097 0.001747 0.000166 0.000062 0.000046 0.000084 0.000056 0.000089 0.000013 0.000023 0.000535 
0.000154 0.000054 0.000000 0.000343 0.000131 0.000000 0.000418 0.000269 0.000407 0.000386 0.000387 0.000055 0.000153 0.000352 0.000712 0.000000 0.001216 0.000000 0.000000 0.000068 0.002687 0.000000 0.000000 0.000683 0.000710 0.000015 0.000114 0.000260 0.000537 0.001038 0.001343 0.000720 0.001906 0.001299 0.001322 0.002980 0.007922 0.014727 0.232078 0.153656 0.178503 0.236738 0.065760 0.043336 0.001659 0.002044 0.001680 0.003774 0.004284 0.004386 0.005102 0.004953 0.003389 0.004110 0.003466 0.003994 0.002277 0.000217 0.000081 0.000061 0.000112 0.000075 0.000120 0.000017 0.000031 0.000729 
0.000135 0.000047 0.000000 0.000303 0.000117 0.000000 0.000377 0.000243 0.000372 0.000353 0.000357 0.000051 0.000142 0.000329 0.000672 0.000000 0.001161 0.000000 0.000000 0.000065 0.002620 0.000000 0.000000 0.000673 0.000707 0.000015 0.000115 0.000262 0.000547 0.001057 0.001383 0.000741 0.001984 0.001352 0.001384 0.003120 0.003915 0.007278 0.020702 0.013707 0.100684 0.133531 0.370063 0.243873 0.015802 0.019471 0.002157 0.004845 0.004864 0.004979 0.005855 0.005684 0.003930 0.004767 0.004064 0.004683 0.002699 0.000257 0.000097 0.000073 0.000136 0.000091 0.000147 0.000021 0.000038 0.000903 
0.000159 0.000056 0.000000 0.000362 0.000141 0.000000 0.000460 0.000297 0.000458 0.000435 0.000445 0.000064 0.000180 0.000414 0.000857 0.000000 0.001495 0.000000 0.000000 0.000085 0.003449 0.000000 0.000000 0.000896 0.000951 0.000020 0.000156 0.000357 0.000752 0.001453 0.001922 0.001030 0.002787 0.001899 0.001966 0.004431 0.005594 0.010398 0.013963 0.009245 0.012257 0.016256 0.284865 0.187727 0.121361 0.149534 0.028035 0.062971 0.008521 0.008724 0.009071 0.008806 0.006155 0.007465 0.006434 0.007414 0.004320 0.000411 0.000157 0.000118 0.000223 0.000148 0.000243 0.000035 0.000064 0.001508 
0.000134 0.000047 0.000000 0.000308 0.000121 0.000000 0.000401 0.000258 0.000403 0.000383 0.000396 0.000057 0.000161 0.000373 0.000778 0.000000 0.001373 0.000000 0.000000 0.000079 0.003238 0.000000 0.000000 0.000850 0.000912 0.000019 0.000151 0.000346 0.000737 0.001424 0.001904 0.001021 0.002792 0.001902 0.001991 0.004487 0.005726 0.010644 0.014378 0.009520 0.005959 0.007903 0.024995 0.016472 0.067333 0.082964 0.155184 0.348566 0.079825 0.081725 0.011454 0.011119 0.006873 0.008336 0.007262 0.008368 0.004928 0.000469 0.000181 0.000136 0.000260 0.000173 0.000286 0.000041 0.000076 0.001797 
0.000072 0.000025 0.000000 0.000168 0.000067 0.000000 0.000223 0.000144 0.000227 0.000215 0.000225 0.000032 0.000093 0.000214 0.000453 0.000000 0.000807 0.000000 0.000000 0.000047 0.001944 0.000000 0.000000 0.000516 0.000560 0.000012 0.000094 0.000215 0.000462 0.000893 0.001207 0.000647 0.001790 0.001219 0.001290 0.002908 0.003751 0.006972 0.009521 0.006303 0.003969 0.005264 0.007860 0.005180 0.003822 0.004709 0.055692 0.125092 0.285811 0.292616 0.069410 0.067378 0.005614 0.006808 0.005245 0.006044 0.003598 0.000343 0.000134 0.000100 0.000194 0.000129 0.000216 0.000031 0.000058 0.001370 
0.000046 0.000016 0.000000 0.000108 0.000043 0.000000 0.000146 0.000094 0.000150 0.000142 0.000151 0.000022 0.000063 0.000145 0.000309 0.000000 0.000558 0.000000 0.000000 0.000033 0.001372 0.000000 0.000000 0.000368 0.000404 0.000008 0.000068 0.000156 0.000340 0.000658 0.000899 0.000482 0.001348 0.000918 0.000982 0.002214 0.002887 0.005368 0.007409 0.004905 0.003122 0.004141 0.006219 0.004099 0.001428 0.001759 0.003755 0.008435 0.121858 0.124759 0.295251 0.286609 0.040416 0.049015 0.005090 0.005865 0.003088 0.000294 0.000116 0.000087 0.000170 0.000113 0.000191 0.000027 0.000052 0.001228 
0.000037 0.000013 0.000000 0.000088 0.000036 0.000000 0.000122 0.000079 0.000127 0.000120 0.000129 0.000018 0.000054 0.000125 0.000270 0.000000 0.000492 0.000000 0.000000 0.000029 0.001237 0.000000 0.000000 0.000336 0.000372 0.000008 0.000064 0.000146 0.000321 0.000620 0.000856 0.000459 0.001297 0.000883 0.000955 0.002153 0.002839 0.005277 0.007364 0.004876 0.003137 0.004160 0.006317 0.004163 0.001459 0.001797 0.001811 0.004068 0.010609 0.010862 0.162536 0.157778 0.221977 0.269206 0.047311 0.054517 0.003869 0.000368 0.000129 0.000096 0.000190 0.000127 0.000217 0.000031 0.000060 0.001405 
0.000031 0.000011 0.000000 0.000073 0.000030 0.000000 0.000104 0.000067 0.000109 0.000104 0.000112 0.000016 0.000048 0.000110 0.000241 0.000000 0.000443 0.000000 0.000000 0.000027 0.001141 0.000000 0.000000 0.000313 0.000350 0.000007 0.000061 0.000139 0.000309 0.000597 0.000833 0.000447 0.001276 0.000869 0.000950 0.002141 0.002854 0.005305 0.007484 0.004955 0.003223 0.004274 0.006561 0.004323 0.001531 0.001887 0.001913 0.004296 0.005289 0.005415 0.014626 0.014198 0.126304 0.153177 0.268577 0.309486 0.037169 0.003540 0.000167 0.000125 0.000218 0.000145 0.000251 0.000036 0.000070 0.001644 
0.000037 0.000013 0.000000 0.000090 0.000037 0.000000 0.000130 0.000084 0.000138 0.000131 0.000143 0.000020 0.000062 0.000143 0.000314 0.000000 0.000585 0.000000 0.000000 0.000036 0.001537 0.000000 0.000000 0.000426 0.000483 0.000010 0.000085 0.000193 0.000434 0.000840 0.001186 0.000636 0.001835 0.001250 0.001382 0.003114 0.004196 0.007799 0.011124 0.007365 0.004843 0.006423 0.009966 0.006568 0.002352 0.002897 0.002969 0.006670 0.008259 0.008456 0.010782 0.010466 0.016806 0.020381 0.225963 0.260381 0.311992 0.029714 0.002365 0.001774 0.000417 0.000278 0.000425 0.000061 0.000120 0.002814 
0.000071 0.000025 0.000000 0.000176 0.000074 0.000000 0.000259 0.000167 0.000279 0.000265 0.000293 0.000042 0.000127 0.000293 0.000655 0.000000 0.001232 0.000000 0.000000 0.000076 0.003307 0.000000 0.000000 0.000927 0.001062 0.000022 0.000188 0.000429 0.000977 0.001888 0.002694 0.001445 0.004216 0.002872 0.003208 0.007232 0.009848 0.018308 0.026393 0.017475 0.011617 0.015407 0.024169 0.015927 0.005765 0.007103 0.007359 0.016529 0.020691 0.021184 0.027171 0.026376 0.019994 0.024248 0.048522 0.055913 0.423621 0.040345 0.032044 0.024033 0.009566 0.006377 0.001312 0.000187 0.000327 0.007691 
0.000095 0.000033 0.000000 0.000237 0.000102 0.000000 0.000361 0.000233 0.000391 0.000371 0.000415 0.000059 0.000183 0.000422 0.000950 0.000000 0.001810 0.000000 0.000000 0.000112 0.004963 0.000000 0.000000 0.001405 0.001627 0.000034 0.000291 0.000666 0.001529 0.002956 0.004265 0.002287 0.006747 0.004597 0.005190 0.011701 0.016108 0.029944 0.043638 0.028892 0.019415 0.025749 0.040836 0.026911 0.009848 0.012134 0.012708 0.028543 0.036118 0.036978 0.047947 0.046543 0.035489 0.043040 0.040661 0.046855 0.064075 0.006102 0.030646 0.022985 0.091278 0.060852 0.021194 0.003028 0.000712 0.016740 
0.000067 0.000023 0.000000 0.000168 0.000073 0.000000 0.000264 0.000170 0.000289 0.000274 0.000309 0.000044 0.000138 0.000318 0.000726 0.000000 0.001393 0.000000 0.000000 0.000088 0.003909 0.000000 0.000000 0.001120 0.001310 0.000027 0.000237 0.000541 0.001259 0.002434 0.003547 0.001902 0.005673 0.003865 0.004412 0.009945 0.013841 0.025731 0.037906 0.025097 0.017048 0.022610 0.036246 0.023886 0.008837 0.010888 0.011528 0.025893 0.033125 0.033914 0.044449 0.043149 0.033260 0.040336 0.038331 0.044170 0.028516 0.002716 0.002462 0.001846 0.046362 0.030908 0.107400 0.015343 0.006107 0.143571 
0.000000 0.000000 0.000000 0.000000 0.000000 0.000000 0.000000 0.000000 0.000000 0.000000 0.000000 0.000000 0.000000 0.000000 0.000000 0.000000 0.000000 0.000000 0.000000 0.000000 0.000000 0.000000 0.000000 0.000000 0.000000 0.000000 0.000000 0.000000 0.000000 0.000000 0.000000 0.000000 0.000000 0.000000 0.000000 0.000000 0.000000 0.000000 0.000000 0.000000 0.000000 0.000000 0.000000 0.000000 0.000000 0.000000 0.000000 0.000000 0.000000 0.000000 0.000000 0.000000 0.000000 0.000000 0.000000 0.000000 0.000000 0.000000 0.000000 0.000000 0.000000 0.000000 0.000000 0.000000 0.000000 0.000000 
