0.000000 0.000000 0.000000 0.000000 0.000000 0.000000 0.000000 0.000000 0.000000 0.000000 0.000000 0.000000 0.000000 0.000000 0.000000 0.000000 0.000000 0.000000 0.000000 0.000000 0.000000 0.000000 0.000000 0.000000 0.000000 0.000000 0.000000 0.000000 0.000000 0.000000 0.000000 0.000000 0.000000 0.000000 0.000000 0.000000 0.000000 0.000000 0.000000 0.000000 0.000000 0.000000 0.000000 0.000000 0.000000 0.000000 0.000000 0.000000 0.000000 0.000000 0.000000 0.000000 0.000000 0.000000 0.000000 0.000000 0.000000 0.000000 0.000000 
0.000000 0.000000 0.000000 0.000000 0.000000 0.000000 0.000000 0.000000 0.000000 0.000000 0.000000 0.000000 0.000000 0.000000 0.000000 0.000000 0.000000 0.000000 0.000000 0.000000 0.000000 0.000000 0.000000 0.000000 0.000000 0.000000 0.000000 0.000000 0.000000 0.000000 0.000000 0.000000 0.000000 0.000000 0.000000 0.000000 0.000000 0.000000 0.000000 0.000000 0.000000 0.000000 0.000000 0.000000 0.000000 0.000000 0.000000 0.000000 0.000000 0.000000 0.000000 0.000000 0.000000 0.000000 0.000000 0.000000 0.000000 0.000000 0.000000 
0.000000 0.000000 0.000000 0.000000 0.513178 0.000000 0.799277 0.000000 0.000000 0.000000 0.195043 0.000374 0.000000 0.000000 0.000000 0.184847 0.134650 0.115862 0.146542 0.180103 0.137202 0.103294 0.076005 0.024944 0.004612 0.000271 0.000000 0.011910 0.011000 0.029632 0.053637 0.095221 0.100661 0.154548 0.081615 0.039094 0.029414 0.022803 0.019653 0.003006 0.007937 0.007349 0.008384 0.008466 0.002182 0.000750 0.000112 0.000056 0.000045 0.000000 0.011254 0.002372 0.002044 0.000000 0.000000 0.000596 0.001502 0.001942 0.000511 
0.000000 0.000000 0.000000 0.000000 0.000000 0.000000 0.000000 0.000000 0.000000 0.000000 0.000000 0.000000 0.000000 0.000000 0.000000 0.000000 0.000000 0.000000 0.000000 0.000000 0.000000 0.000000 0.000000 0.000000 0.000000 0.000000 0.000000 0.000000 0.000000 0.000000 0.000000 0.000000 0.000000 0.000000 0.000000 0.000000 0.000000 0.000000 0.000000 0.000000 0.000000 0.000000 0.000000 0.000000 0.000000 0.000000 0.000000 0.000000 0.000000 0.000000 0.000000 0.000000 0.000000 0.000000 0.000000 0.000000 0.000000 0.000000 0.000000 
0.000000 0.000000 0.000000 0.000000 0.177348 0.000000 17.425366 0.000000 0.000000 0.000000 16.378822 0.031425 0.000000 0.000000 0.000000 1.653945 1.230948 1.059188 1.369013 1.682551 1.309940 0.986202 0.741476 0.243341 0.045984 0.002705 0.000000 0.121355 0.114523 0.308511 0.570757 1.013253 1.094660 1.680671 0.906905 0.434414 0.334023 0.258944 0.228120 0.034889 0.094160 0.087185 0.101593 0.102589 0.027015 0.009286 0.001416 0.000708 0.000587 0.000000 0.148755 0.031356 0.027638 0.000000 0.000000 0.008224 0.021164 0.027361 0.007381 
0.000000 9.445530 0.000000 0.000000 0.016149 0.000000 0.286393 0.000000 0.000000 0.000000 16.982022 0.032583 0.000000 0.000000 0.000000 0.391191 0.257465 0.221539 0.289448 0.355738 0.279932 0.210750 0.160204 0.052577 0.010043 0.000591 0.000000 0.026792 0.025563 0.068864 0.128769 0.228601 0.249666 0.383321 0.209121 0.100170 0.077856 0.060356 0.053749 0.008220 0.022429 0.020767 0.024467 0.024707 0.006577 0.002261 0.000348 0.000174 0.000146 0.000000 0.037408 0.007885 0.007026 0.000000 0.000000 0.002113 0.005502 0.007113 0.001936 
0.000000 1.850348 0.000000 0.000000 0.015589 0.000000 0.130521 0.000000 0.000000 0.000000 8.832961 0.016947 0.000000 0.000000 0.000000 3.435673 0.304785 0.262257 0.303009 0.372406 0.296226 0.223017 0.171349 0.056234 0.010860 0.000639 0.000000 0.029285 0.028246 0.076092 0.143860 0.255392 0.281921 0.432843 0.238718 0.114348 0.089853 0.069657 0.062704 0.009590 0.026450 0.024490 0.029169 0.029455 0.007928 0.002725 0.000425 0.000212 0.000180 0.000000 0.046577 0.009818 0.008843 0.000000 0.000000 0.002689 0.007077 0.009149 0.002520 
0.000000 0.791084 0.000000 0.000000 0.006594 0.000000 0.055537 0.000000 0.000000 0.000000 0.320264 0.000614 0.000000 0.000000 0.000000 7.858522 1.179860 1.015228 0.158105 0.194315 0.136686 0.102905 0.079922 0.026229 0.005120 0.000301 0.000000 0.013959 0.013609 0.036661 0.070065 0.124386 0.138826 0.213144 0.118814 0.056913 0.045210 0.035048 0.031897 0.004878 0.013600 0.012593 0.015162 0.015311 0.004166 0.001432 0.000226 0.000113 0.000097 0.000000 0.025278 0.005328 0.004853 0.000000 0.000000 0.001492 0.003969 0.005131 0.001428 
0.000000 0.006214 0.000000 0.000000 0.000116 0.000000 0.000990 0.000000 0.000000 0.000000 0.002711 0.000005 0.000000 0.000000 0.000000 0.075925 0.113729 0.097860 0.025793 0.031700 0.003006 0.002263 0.001554 0.000510 0.000101 0.000006 0.000000 0.000277 0.000273 0.000736 0.001423 0.002526 0.002849 0.004375 0.002466 0.001181 0.000948 0.000735 0.000676 0.000103 0.000292 0.000270 0.000329 0.000332 0.000091 0.000031 0.000005 0.000002 0.000002 0.000000 0.000572 0.000121 0.000111 0.000000 0.000000 0.000035 0.000093 0.000120 0.000034 
0.000000 0.000164 0.000000 0.000000 0.000164 0.000000 0.001408 0.000000 0.000000 0.000000 0.003920 0.000008 0.000000 0.000000 0.000000 0.009356 0.088611 0.076247 0.200498 0.246417 0.039541 0.029769 0.002756 0.000904 0.000158 0.000009 0.000000 0.000440 0.000438 0.001180 0.002304 0.004091 0.004666 0.007163 0.004081 0.001955 0.001587 0.001230 0.001144 0.000175 0.000499 0.000462 0.000568 0.000574 0.000159 0.000055 0.000009 0.000004 0.000004 0.000000 0.001033 0.000218 0.000203 0.000000 0.000000 0.000064 0.000173 0.000224 0.000064 
0.000000 0.000218 0.000000 0.000000 0.000144 0.000000 0.001252 0.000000 0.000000 0.000000 0.003562 0.000007 0.000000 0.000000 0.000000 0.004036 0.006900 0.005937 0.098723 0.121333 0.194248 0.146241 0.022912 0.007520 0.000177 0.000010 0.000000 0.000436 0.000439 0.001182 0.002333 0.004142 0.004776 0.007333 0.004223 0.002023 0.001660 0.001287 0.001210 0.000185 0.000533 0.000493 0.000614 0.000620 0.000174 0.000060 0.000010 0.000005 0.000004 0.000000 0.001166 0.000246 0.000231 0.000000 0.000000 0.000073 0.000202 0.000261 0.000075 
0.000000 0.000368 0.000000 0.000000 0.000253 0.000000 0.002226 0.000000 0.000000 0.000000 0.006472 0.000012 0.000000 0.000000 0.000000 0.007458 0.006019 0.005180 0.015545 0.019105 0.193394 0.145599 0.227591 0.074692 0.002973 0.000175 0.000000 0.000987 0.000879 0.002368 0.004726 0.008390 0.009778 0.015013 0.008741 0.004187 0.003473 0.002692 0.002559 0.000391 0.001140 0.001055 0.001327 0.001340 0.000381 0.000131 0.000022 0.000011 0.000010 0.000000 0.002632 0.000555 0.000528 0.000000 0.000000 0.000169 0.000470 0.000608 0.000177 
0.000000 0.009312 0.000000 0.000000 0.003314 0.000000 0.029465 0.000000 0.000000 0.000000 0.087573 0.000168 0.000000 0.000000 0.000000 0.103119 0.083716 0.072034 0.102061 0.125435 0.229189 0.172547 1.705433 0.559698 0.222268 0.013075 0.000000 0.124901 0.014994 0.040391 0.071279 0.126539 0.149070 0.228872 0.134693 0.064519 0.054109 0.041947 0.040299 0.006163 0.018142 0.016798 0.021353 0.021562 0.006193 0.002129 0.000354 0.000177 0.000160 0.000000 0.044231 0.009323 0.008962 0.000000 0.000000 0.002909 0.008170 0.010562 0.003104 
0.000000 0.107754 0.000000 0.000000 0.002633 0.000000 0.023670 0.000000 0.000000 0.000000 0.071900 0.000138 0.000000 0.000000 0.000000 0.086521 0.071007 0.061099 0.087077 0.107020 0.092315 0.069500 0.123989 0.040691 0.102177 0.006010 0.000000 0.572850 0.116384 0.313523 0.074575 0.132392 0.137922 0.211757 0.125972 0.060342 0.051149 0.039653 0.038515 0.005891 0.017527 0.016228 0.020853 0.021057 0.006115 0.002102 0.000353 0.000177 0.000162 0.000000 0.045116 0.009510 0.009241 0.000000 0.000000 0.003032 0.008609 0.011129 0.003307 
0.000000 0.041205 0.000000 0.000000 0.001127 0.000000 0.010245 0.000000 0.000000 0.000000 0.031801 0.000061 0.000000 0.000000 0.000000 0.039112 0.032447 0.027919 0.040224 0.049436 0.042894 0.032294 0.027198 0.008926 0.004046 0.000238 0.000000 0.143417 0.290702 0.783116 0.315253 0.559663 0.078587 0.120658 0.063475 0.030405 0.026053 0.020197 0.019828 0.003033 0.009123 0.008447 0.010971 0.011079 0.003252 0.001118 0.000190 0.000095 0.000088 0.000000 0.024789 0.005225 0.005133 0.000000 0.000000 0.001702 0.004886 0.006317 0.001897 
0.000000 0.002310 0.000000 0.000000 0.000130 0.000000 0.001193 0.000000 0.000000 0.000000 0.003786 0.000007 0.000000 0.000000 0.000000 0.004759 0.003991 0.003434 0.005001 0.006147 0.005391 0.004059 0.003439 0.001129 0.000241 0.000014 0.000000 0.001545 0.019803 0.053347 0.214259 0.380370 0.090394 0.138785 0.009841 0.004714 0.003572 0.002769 0.002748 0.000420 0.001278 0.001183 0.001554 0.001569 0.000466 0.000160 0.000027 0.000014 0.000013 0.000000 0.003666 0.000773 0.000767 0.000000 0.000000 0.000257 0.000747 0.000965 0.000293 
0.000000 0.000098 0.000000 0.000000 0.000042 0.000000 0.000386 0.000000 0.000000 0.000000 0.001253 0.000002 0.000000 0.000000 0.000000 0.001609 0.001364 0.001174 0.001728 0.002124 0.001883 0.001418 0.001214 0.000399 0.000086 0.000005 0.000000 0.000259 0.000599 0.001615 0.041008 0.072800 0.172610 0.265014 0.031804 0.015234 0.001556 0.001206 0.001059 0.000162 0.000498 0.000461 0.000612 0.000618 0.000185 0.000064 0.000011 0.000006 0.000005 0.000000 0.001507 0.000318 0.000319 0.000000 0.000000 0.000108 0.000317 0.000410 0.000126 
0.000000 0.000038 0.000000 0.000000 0.000043 0.000000 0.000407 0.000000 0.000000 0.000000 0.001348 0.000003 0.000000 0.000000 0.000000 0.001770 0.001517 0.001306 0.001943 0.002388 0.002141 0.001612 0.001395 0.000458 0.000100 0.000006 0.000000 0.000303 0.000331 0.000891 0.004083 0.007248 0.108659 0.166828 0.199744 0.095679 0.016538 0.012821 0.001517 0.000232 0.000630 0.000584 0.000783 0.000791 0.000240 0.000082 0.000014 0.000007 0.000007 0.000000 0.002015 0.000425 0.000431 0.000000 0.000000 0.000148 0.000438 0.000566 0.000176 
0.000000 0.000114 0.000000 0.000000 0.000107 0.000000 0.001014 0.000000 0.000000 0.000000 0.003431 0.000007 0.000000 0.000000 0.000000 0.004603 0.003988 0.003432 0.005164 0.006346 0.005751 0.004330 0.003789 0.001244 0.000274 0.000016 0.000000 0.000840 0.000923 0.002486 0.005381 0.009552 0.025848 0.039686 0.300449 0.143917 0.248193 0.192406 0.038519 0.005891 0.002158 0.001998 0.002371 0.002394 0.000734 0.000252 0.000045 0.000022 0.000022 0.000000 0.006371 0.001343 0.001378 0.000000 0.000000 0.000477 0.001430 0.001849 0.000580 
0.000000 0.000166 0.000000 0.000000 0.000053 0.000000 0.000508 0.000000 0.000000 0.000000 0.001758 0.000003 0.000000 0.000000 0.000000 0.002411 0.002111 0.001817 0.002763 0.003396 0.003112 0.002343 0.002073 0.000680 0.000151 0.000009 0.000000 0.000470 0.000522 0.001405 0.003058 0.005429 0.006936 0.010649 0.014552 0.006970 0.076009 0.058925 0.117694 0.018000 0.011161 0.010334 0.001653 0.001669 0.000452 0.000155 0.000028 0.000014 0.000014 0.000000 0.004056 0.000855 0.000887 0.000000 0.000000 0.000310 0.000941 0.001216 0.000386 
0.000000 0.000272 0.000000 0.000000 0.000146 0.000000 0.001419 0.000000 0.000000 0.000000 0.005014 0.000010 0.000000 0.000000 0.000000 0.007024 0.006219 0.005351 0.008228 0.010112 0.009365 0.007050 0.006307 0.002070 0.000465 0.000027 0.000000 0.001460 0.001639 0.004417 0.009719 0.017254 0.022171 0.034041 0.021960 0.010519 0.020704 0.016050 0.202705 0.031002 0.191776 0.177570 0.048062 0.048534 0.001773 0.000610 0.000097 0.000048 0.000048 0.000000 0.014366 0.003028 0.003175 0.000000 0.000000 0.001124 0.003443 0.004450 0.001427 
0.000000 0.000490 0.000000 0.000000 0.000079 0.000000 0.000771 0.000000 0.000000 0.000000 0.002785 0.000005 0.000000 0.000000 0.000000 0.003988 0.003569 0.003071 0.004774 0.005867 0.005493 0.004135 0.003739 0.001227 0.000279 0.000016 0.000000 0.000885 0.001004 0.002706 0.006018 0.010684 0.013879 0.021309 0.013828 0.006624 0.006155 0.004771 0.010876 0.001663 0.065064 0.060244 0.162686 0.164281 0.010158 0.003492 0.000075 0.000037 0.000033 0.000000 0.009916 0.002090 0.002215 0.000000 0.000000 0.000793 0.002454 0.003173 0.001028 
0.000000 0.000548 0.000000 0.000000 0.000133 0.000000 0.001320 0.000000 0.000000 0.000000 0.004876 0.000009 0.000000 0.000000 0.000000 0.007131 0.006452 0.005552 0.008725 0.010723 0.010148 0.007640 0.006983 0.002292 0.000526 0.000031 0.000000 0.001689 0.001938 0.005220 0.011739 0.020840 0.027365 0.042015 0.027561 0.013202 0.012340 0.009566 0.010295 0.001574 0.011116 0.010293 0.175745 0.177468 0.109478 0.037633 0.001362 0.000681 0.000080 0.000000 0.021560 0.004545 0.004868 0.000000 0.000000 0.001761 0.005513 0.007127 0.002334 
0.000000 0.001597 0.000000 0.000000 0.000185 0.000000 0.001857 0.000000 0.000000 0.000000 0.007002 0.000013 0.000000 0.000000 0.000000 0.010469 0.009578 0.008242 0.013091 0.016089 0.015393 0.011589 0.010708 0.003514 0.000816 0.000048 0.000000 0.002646 0.003070 0.008269 0.018799 0.033374 0.044305 0.068023 0.045106 0.021606 0.020415 0.015826 0.017132 0.002620 0.008733 0.008086 0.024922 0.025166 0.098165 0.033744 0.012182 0.006091 0.001212 0.000000 0.043998 0.009274 0.008786 0.000000 0.000000 0.003212 0.010164 0.013141 0.004352 
0.000000 0.042689 0.000000 0.000000 0.002841 0.000000 0.028750 0.000000 0.000000 0.000000 0.110798 0.000213 0.000000 0.000000 0.000000 0.169405 0.156566 0.134719 0.216372 0.265927 0.257155 0.193602 0.180852 0.059353 0.013933 0.000820 0.000000 0.045674 0.053553 0.144265 0.331577 0.588642 0.789998 1.212911 0.813111 0.389486 0.371999 0.288384 0.315588 0.048266 0.161820 0.149833 0.218007 0.220144 0.154993 0.053279 0.121623 0.060811 0.120748 0.000000 7.416925 1.563404 0.199628 0.000000 0.000000 0.064541 0.206454 0.266903 0.089340 
0.000000 1.074172 0.000000 0.000000 0.003688 0.000000 0.037798 0.000000 0.000000 0.000000 0.148837 0.000286 0.000000 0.000000 0.000000 0.232256 0.217254 0.186940 0.303301 0.372764 0.364497 0.274415 0.259097 0.085032 0.020180 0.001187 0.000000 0.066876 0.079264 0.213527 0.496076 0.880675 1.194917 1.834599 1.243339 0.595569 0.575074 0.445814 0.493154 0.075424 0.255626 0.236691 0.346414 0.349810 0.116270 0.039968 0.016468 0.008234 0.103380 0.000000 63.354396 13.354390 2.885906 0.000000 0.000000 0.125763 0.355751 0.459914 0.155616 
0.000000 4.492765 0.000000 0.000000 0.009312 0.000000 0.096194 0.000000 0.000000 0.000000 0.387500 0.000743 0.000000 0.000000 0.000000 0.617984 0.584035 0.502542 0.825229 1.014227 1.001833 0.754240 0.720096 0.236325 0.056688 0.003335 0.000000 0.189929 0.227564 0.613031 1.439687 2.555849 3.505359 5.381902 3.687495 1.766338 1.724223 1.336668 1.494841 0.228623 0.783245 0.725227 1.072999 1.083518 0.362263 0.124528 0.024223 0.012112 0.027447 0.000000 106.355927 22.418626 48.335351 0.000000 0.000000 3.564864 1.359222 1.757198 0.525784 
0.000000 0.000000 0.000000 0.000000 0.000000 0.000000 0.000000 0.000000 0.000000 0.000000 0.000000 0.000000 0.000000 0.000000 0.000000 0.000000 0.000000 0.000000 0.000000 0.000000 0.000000 0.000000 0.000000 0.000000 0.000000 0.000000 0.000000 0.000000 0.000000 0.000000 0.000000 0.000000 0.000000 0.000000 0.000000 0.000000 0.000000 0.000000 0.000000 0.000000 0.000000 0.000000 0.000000 0.000000 0.000000 0.000000 0.000000 0.000000 0.000000 0.000000 0.000000 0.000000 0.000000 0.000000 0.000000 0.000000 0.000000 0.000000 0.000000 
0.000000 0.000000 0.000000 0.000000 0.000000 0.000000 0.000000 0.000000 0.000000 0.000000 0.000000 0.000000 0.000000 0.000000 0.000000 0.000000 0.000000 0.000000 0.000000 0.000000 0.000000 0.000000 0.000000 0.000000 0.000000 0.000000 0.000000 0.000000 0.000000 0.000000 0.000000 0.000000 0.000000 0.000000 0.000000 0.000000 0.000000 0.000000 0.000000 0.000000 0.000000 0.000000 0.000000 0.000000 0.000000 0.000000 0.000000 0.000000 0.000000 0.000000 0.000000 0.000000 0.000000 0.000000 0.000000 0.000000 0.000000 0.000000 0.000000 
0.000000 0.000000 0.000000 0.000000 0.000000 0.000000 0.000000 0.000000 0.000000 0.000000 0.000000 0.000000 0.000000 0.000000 0.000000 0.000000 0.000000 0.000000 0.000000 0.000000 0.000000 0.000000 0.000000 0.000000 0.000000 0.000000 0.000000 0.000000 0.000000 0.000000 0.000000 0.000000 0.000000 0.000000 0.000000 0.000000 0.000000 0.000000 0.000000 0.000000 0.000000 0.000000 0.000000 0.000000 0.000000 0.000000 0.000000 0.000000 0.000000 0.000000 0.000000 0.000000 0.000000 0.000000 0.000000 0.000000 0.000000 0.000000 0.000000 
0.000000 0.000000 0.000000 0.000000 0.000000 0.000000 0.000000 0.000000 0.000000 0.000000 0.000000 0.000000 0.000000 0.000000 0.000000 0.000000 0.000000 0.000000 0.000000 0.000000 0.000000 0.000000 0.000000 0.000000 0.000000 0.000000 0.000000 0.000000 0.000000 0.000000 0.000000 0.000000 0.000000 0.000000 0.000000 0.000000 0.000000 0.000000 0.000000 0.000000 0.000000 0.000000 0.000000 0.000000 0.000000 0.000000 0.000000 0.000000 0.000000 0.000000 0.000000 0.000000 0.000000 0.000000 0.000000 0.000000 0.000000 0.000000 0.000000 
