0.000000 0.251224 0.026111 0.000000 0.004513 0.020125 0.000000 0.000000 0.000000 0.036530 0.000000 0.000135 0.000000 0.043615 0.043077 0.064058 0.045658 0.039287 0.048631 0.059768 0.044549 0.033539 0.024149 0.007925 0.001434 0.000084 0.000000 0.003624 0.003275 0.008822 0.015627 0.027743 0.028698 0.044061 0.022764 0.010904 0.008027 0.006223 0.005251 0.000803 0.002075 0.001921 0.002144 0.002165 0.000546 0.000188 0.000027 0.000014 0.000011 0.003898 0.000000 0.000000 0.000070 0.001878 0.000000 0.002953 0.000000 0.000531 0.001344 0.000000 0.000000 
0.000000 0.103015 0.106823 0.000000 0.031249 0.139344 0.000000 0.000000 0.000000 0.030148 0.000000 0.000113 0.000000 0.036777 0.036725 0.054611 0.039346 0.033856 0.042363 0.052065 0.039236 0.029540 0.021498 0.007055 0.001291 0.000076 0.000000 0.003297 0.003012 0.008113 0.014529 0.025792 0.026973 0.041412 0.021632 0.010362 0.007711 0.005978 0.005097 0.000780 0.002037 0.001886 0.002128 0.002149 0.000548 0.000188 0.000028 0.000014 0.000011 0.003999 0.000000 0.000000 0.000073 0.001967 0.000000 0.003133 0.000000 0.000568 0.001457 0.000000 0.000000 
0.000000 0.005150 0.033766 0.000000 0.098548 0.439446 0.000000 0.000000 0.000000 0.021689 0.000000 0.000072 0.000000 0.023651 0.023871 0.035497 0.025857 0.022249 0.028141 0.034586 0.026348 0.019836 0.014596 0.004790 0.000886 0.000052 0.000000 0.002287 0.002112 0.005690 0.010300 0.018286 0.019330 0.029679 0.015673 0.007507 0.005649 0.004379 0.003774 0.000577 0.001524 0.001411 0.001610 0.001626 0.000419 0.000144 0.000021 0.000011 0.000009 0.003126 0.000000 0.000000 0.000058 0.001569 0.000000 0.002529 0.000000 0.000465 0.001202 0.000000 0.000000 
0.000000 0.002547 0.003014 0.000000 0.055625 0.248044 0.000000 0.000000 0.000000 0.206711 0.000000 0.000092 0.000000 0.026868 0.027412 0.040763 0.030012 0.025825 0.033024 0.040587 0.031254 0.023530 0.017501 0.005744 0.001074 0.000063 0.000000 0.002803 0.002617 0.007049 0.012900 0.022901 0.024472 0.037573 0.020057 0.009608 0.007308 0.005665 0.004937 0.000755 0.002015 0.001866 0.002151 0.002172 0.000566 0.000195 0.000029 0.000015 0.000012 0.004316 0.000000 0.000000 0.000083 0.002216 0.000000 0.003604 0.000000 0.000670 0.001755 0.000000 0.000000 
0.000000 0.000000 0.000000 0.000000 0.000000 0.000000 0.000000 0.000000 0.000000 0.000000 0.000000 0.000000 0.000000 0.000000 0.000000 0.000000 0.000000 0.000000 0.000000 0.000000 0.000000 0.000000 0.000000 0.000000 0.000000 0.000000 0.000000 0.000000 0.000000 0.000000 0.000000 0.000000 0.000000 0.000000 0.000000 0.000000 0.000000 0.000000 0.000000 0.000000 0.000000 0.000000 0.000000 0.000000 0.000000 0.000000 0.000000 0.000000 0.000000 0.000000 0.000000 0.000000 0.000000 0.000000 0.000000 0.000000 0.000000 0.000000 0.000000 0.000000 0.000000 
0.000000 0.001660 0.000933 0.000000 0.001467 0.006541 0.000000 0.000000 0.000000 0.392455 0.000000 0.002960 0.000000 0.196486 0.023895 0.035532 0.023386 0.020123 0.026291 0.032312 0.025427 0.019143 0.014551 0.004776 0.000912 0.000054 0.000000 0.002434 0.002322 0.006255 0.011696 0.020764 0.022677 0.034817 0.018995 0.009099 0.007072 0.005482 0.004882 0.000747 0.002037 0.001886 0.002222 0.002244 0.000597 0.000205 0.000032 0.000016 0.000013 0.004757 0.000000 0.000000 0.000095 0.002551 0.000000 0.004243 0.000000 0.000805 0.002153 0.000000 0.000000 
0.000000 0.000803 0.000456 0.000000 0.000721 0.003216 0.000000 0.000000 0.000000 0.016444 0.000000 0.000784 0.000000 0.519380 0.106896 0.158959 0.014102 0.012134 0.014019 0.017230 0.013706 0.010318 0.007928 0.002602 0.000502 0.000030 0.000000 0.001355 0.001307 0.003521 0.006656 0.011816 0.013044 0.020026 0.011045 0.005291 0.004157 0.003223 0.002901 0.000444 0.001224 0.001133 0.001350 0.001363 0.000367 0.000126 0.000020 0.000010 0.000008 0.002984 0.000000 0.000000 0.000061 0.001635 0.000000 0.002750 0.000000 0.000527 0.001427 0.000000 0.000000 
0.000000 0.000362 0.000208 0.000000 0.000333 0.001484 0.000000 0.000000 0.000000 0.003604 0.000000 0.000031 0.000000 0.129898 0.266734 0.396645 0.059551 0.051242 0.007980 0.009808 0.006899 0.005194 0.004034 0.001324 0.000258 0.000015 0.000000 0.000705 0.000687 0.001850 0.003536 0.006278 0.007007 0.010758 0.005997 0.002873 0.002282 0.001769 0.001610 0.000246 0.000686 0.000636 0.000765 0.000773 0.000210 0.000072 0.000011 0.000006 0.000005 0.001748 0.000000 0.000000 0.000036 0.000979 0.000000 0.001664 0.000000 0.000323 0.000883 0.000000 0.000000 
0.000000 0.000287 0.000167 0.000000 0.000269 0.001200 0.000000 0.000000 0.000000 0.002963 0.000000 0.000012 0.000000 0.009102 0.118179 0.175738 0.263240 0.226509 0.059700 0.073373 0.006957 0.005237 0.003597 0.001181 0.000233 0.000014 0.000000 0.000642 0.000633 0.001705 0.003293 0.005846 0.006595 0.010126 0.005707 0.002734 0.002195 0.001702 0.001565 0.000239 0.000675 0.000625 0.000760 0.000768 0.000211 0.000073 0.000012 0.000006 0.000005 0.001795 0.000000 0.000000 0.000038 0.001027 0.000000 0.001765 0.000000 0.000346 0.000957 0.000000 0.000000 
0.000000 0.000229 0.000135 0.000000 0.000220 0.000981 0.000000 0.000000 0.000000 0.002475 0.000000 0.000010 0.000000 0.003610 0.008459 0.012579 0.119144 0.102520 0.269584 0.331326 0.053166 0.040027 0.003705 0.001216 0.000212 0.000012 0.000000 0.000591 0.000589 0.001586 0.003099 0.005501 0.006273 0.009631 0.005487 0.002628 0.002134 0.001654 0.001538 0.000235 0.000670 0.000621 0.000764 0.000771 0.000214 0.000074 0.000012 0.000006 0.000005 0.001862 0.000000 0.000000 0.000041 0.001089 0.000000 0.001891 0.000000 0.000375 0.001048 0.000000 0.000000 
0.000000 0.000224 0.000133 0.000000 0.000220 0.000979 0.000000 0.000000 0.000000 0.002525 0.000000 0.000010 0.000000 0.003746 0.004144 0.006162 0.010535 0.009065 0.150723 0.185242 0.296562 0.223270 0.034981 0.011480 0.000270 0.000016 0.000000 0.000665 0.000670 0.001804 0.003562 0.006324 0.007292 0.011195 0.006447 0.003088 0.002534 0.001965 0.001847 0.000283 0.000814 0.000753 0.000937 0.000946 0.000266 0.000091 0.000015 0.000007 0.000007 0.002360 0.000000 0.000000 0.000053 0.001411 0.000000 0.002477 0.000000 0.000496 0.001402 0.000000 0.000000 
0.000000 0.000318 0.000191 0.000000 0.000319 0.001421 0.000000 0.000000 0.000000 0.003745 0.000000 0.000016 0.000000 0.005676 0.006317 0.009394 0.007582 0.006524 0.019579 0.024063 0.243591 0.183390 0.286664 0.094079 0.003745 0.000220 0.000000 0.001243 0.001107 0.002983 0.005953 0.010568 0.012316 0.018909 0.011010 0.005274 0.004375 0.003391 0.003223 0.000493 0.001435 0.001329 0.001671 0.001687 0.000479 0.000165 0.000027 0.000014 0.000012 0.004348 0.000000 0.000000 0.000099 0.002656 0.000000 0.004715 0.000000 0.000954 0.002726 0.000000 0.000000 
0.000000 0.000650 0.000394 0.000000 0.000666 0.002969 0.000000 0.000000 0.000000 0.007995 0.000000 0.000034 0.000000 0.012383 0.013932 0.020717 0.016819 0.014472 0.020505 0.025201 0.046045 0.034666 0.342632 0.112447 0.044655 0.002627 0.000000 0.025093 0.003012 0.008115 0.014320 0.025423 0.029949 0.045982 0.027061 0.012962 0.010871 0.008427 0.008096 0.001238 0.003645 0.003375 0.004290 0.004332 0.001244 0.000428 0.000071 0.000036 0.000032 0.011532 0.000000 0.000000 0.000268 0.007197 0.000000 0.012916 0.000000 0.002643 0.007634 0.000000 0.000000 
0.000000 0.000789 0.000484 0.000000 0.000825 0.003680 0.000000 0.000000 0.000000 0.010129 0.000000 0.000043 0.000000 0.016035 0.018235 0.027117 0.022254 0.019149 0.027291 0.033541 0.028932 0.021782 0.038859 0.012753 0.032023 0.001884 0.000000 0.179536 0.036476 0.098261 0.023373 0.041493 0.043226 0.066367 0.039481 0.018912 0.016031 0.012427 0.012071 0.001846 0.005493 0.005086 0.006536 0.006600 0.001916 0.000659 0.000111 0.000055 0.000051 0.018150 0.000000 0.000000 0.000431 0.011576 0.000000 0.021000 0.000000 0.004345 0.012687 0.000000 0.000000 
0.000000 0.000352 0.000218 0.000000 0.000376 0.001678 0.000000 0.000000 0.000000 0.004719 0.000000 0.000020 0.000000 0.007635 0.008778 0.013054 0.010829 0.009318 0.013425 0.016500 0.014316 0.010778 0.009078 0.002979 0.001350 0.000079 0.000000 0.047866 0.097023 0.261369 0.105217 0.186791 0.026229 0.040270 0.021185 0.010148 0.008695 0.006741 0.006618 0.001012 0.003045 0.002819 0.003662 0.003698 0.001085 0.000373 0.000063 0.000032 0.000029 0.010505 0.000000 0.000000 0.000255 0.006848 0.000000 0.012557 0.000000 0.002626 0.007753 0.000000 0.000000 
0.000000 0.000120 0.000075 0.000000 0.000131 0.000583 0.000000 0.000000 0.000000 0.001676 0.000000 0.000007 0.000000 0.002772 0.003222 0.004791 0.004018 0.003457 0.005035 0.006188 0.005428 0.004087 0.003462 0.001136 0.000243 0.000014 0.000000 0.001556 0.019938 0.053710 0.215720 0.382963 0.091010 0.139732 0.009908 0.004746 0.003596 0.002788 0.002767 0.000423 0.001287 0.001191 0.001564 0.001580 0.000469 0.000161 0.000028 0.000014 0.000013 0.004637 0.000000 0.000000 0.000115 0.003088 0.000000 0.005726 0.000000 0.001210 0.003612 0.000000 0.000000 
0.000000 0.000059 0.000037 0.000000 0.000066 0.000294 0.000000 0.000000 0.000000 0.000864 0.000000 0.000004 0.000000 0.001460 0.001715 0.002551 0.002163 0.001861 0.002740 0.003367 0.002985 0.002248 0.001925 0.000632 0.000136 0.000008 0.000000 0.000411 0.000950 0.002560 0.065003 0.115398 0.273610 0.420083 0.050413 0.024148 0.002466 0.001912 0.001678 0.000257 0.000789 0.000730 0.000969 0.000979 0.000294 0.000101 0.000018 0.000009 0.000008 0.002968 0.000000 0.000000 0.000075 0.002020 0.000000 0.003787 0.000000 0.000809 0.002441 0.000000 0.000000 
0.000000 0.000059 0.000038 0.000000 0.000067 0.000299 0.000000 0.000000 0.000000 0.000898 0.000000 0.000004 0.000000 0.001551 0.001842 0.002739 0.002348 0.002021 0.003008 0.003696 0.003313 0.002494 0.002159 0.000709 0.000154 0.000009 0.000000 0.000469 0.000512 0.001378 0.006319 0.011218 0.168175 0.258205 0.309150 0.148085 0.025597 0.019844 0.002347 0.000359 0.000976 0.000903 0.001212 0.001224 0.000371 0.000128 0.000022 0.000011 0.000011 0.003834 0.000000 0.000000 0.000099 0.002667 0.000000 0.005053 0.000000 0.001092 0.003329 0.000000 0.000000 
0.000000 0.000083 0.000054 0.000000 0.000097 0.000431 0.000000 0.000000 0.000000 0.001323 0.000000 0.000006 0.000000 0.002334 0.002803 0.004168 0.003611 0.003107 0.004676 0.005747 0.005208 0.003921 0.003431 0.001126 0.000248 0.000015 0.000000 0.000761 0.000836 0.002252 0.004872 0.008650 0.023407 0.035937 0.272069 0.130323 0.224749 0.174232 0.034881 0.005335 0.001954 0.001810 0.002147 0.002168 0.000665 0.000228 0.000041 0.000020 0.000020 0.007015 0.000000 0.000000 0.000186 0.004986 0.000000 0.009551 0.000000 0.002086 0.006431 0.000000 0.000000 
0.000000 0.000113 0.000074 0.000000 0.000135 0.000602 0.000000 0.000000 0.000000 0.001886 0.000000 0.000009 0.000000 0.003401 0.004128 0.006139 0.005377 0.004627 0.007037 0.008649 0.007924 0.005966 0.005278 0.001732 0.000385 0.000023 0.000000 0.001196 0.001328 0.003578 0.007788 0.013826 0.017663 0.027119 0.037058 0.017751 0.193565 0.150057 0.299718 0.045839 0.028421 0.026316 0.004209 0.004250 0.001152 0.000396 0.000071 0.000036 0.000035 0.012424 0.000000 0.000000 0.000336 0.009025 0.000000 0.017475 0.000000 0.003859 0.012023 0.000000 0.000000 
0.000000 0.000118 0.000078 0.000000 0.000144 0.000643 0.000000 0.000000 0.000000 0.002060 0.000000 0.000009 0.000000 0.003795 0.004657 0.006926 0.006132 0.005277 0.008113 0.009971 0.009234 0.006952 0.006219 0.002041 0.000459 0.000027 0.000000 0.001440 0.001617 0.004355 0.009583 0.017013 0.021862 0.033566 0.021654 0.010372 0.020415 0.015826 0.199877 0.030569 0.189100 0.175093 0.047392 0.047856 0.001748 0.000601 0.000095 0.000048 0.000047 0.016857 0.000000 0.000000 0.000466 0.012513 0.000000 0.024490 0.000000 0.005466 0.017222 0.000000 0.000000 
0.000000 0.000095 0.000064 0.000000 0.000118 0.000528 0.000000 0.000000 0.000000 0.001729 0.000000 0.000008 0.000000 0.003256 0.004038 0.006005 0.005375 0.004625 0.007189 0.008835 0.008271 0.006227 0.005630 0.001848 0.000420 0.000025 0.000000 0.001333 0.001512 0.004074 0.009062 0.016088 0.020900 0.032088 0.020822 0.009974 0.009268 0.007185 0.016378 0.002505 0.097976 0.090719 0.244980 0.247382 0.015296 0.005258 0.000112 0.000056 0.000049 0.017578 0.000000 0.000000 0.000497 0.013332 0.000000 0.026381 0.000000 0.005952 0.018956 0.000000 0.000000 
0.000000 0.000115 0.000078 0.000000 0.000146 0.000651 0.000000 0.000000 0.000000 0.002178 0.000000 0.000010 0.000000 0.004192 0.005257 0.007818 0.007074 0.006087 0.009565 0.011755 0.011125 0.008375 0.007655 0.002512 0.000577 0.000034 0.000000 0.001852 0.002124 0.005723 0.012869 0.022846 0.030000 0.046060 0.030215 0.014473 0.013528 0.010487 0.011286 0.001726 0.012186 0.011283 0.192666 0.194555 0.120018 0.041256 0.001493 0.000746 0.000088 0.031463 0.000000 0.000000 0.000795 0.021332 0.000000 0.042664 0.000000 0.009732 0.031330 0.000000 0.000000 
0.000000 0.000114 0.000078 0.000000 0.000149 0.000663 0.000000 0.000000 0.000000 0.002264 0.000000 0.000011 0.000000 0.004455 0.005645 0.008394 0.007679 0.006608 0.010495 0.012899 0.012341 0.009291 0.008585 0.002817 0.000654 0.000038 0.000000 0.002122 0.002461 0.006630 0.015072 0.026757 0.035521 0.054536 0.036163 0.017322 0.016367 0.012688 0.013735 0.002101 0.007002 0.006483 0.019981 0.020177 0.078701 0.027054 0.009767 0.004883 0.000972 0.348369 0.000000 0.000000 0.001049 0.028153 0.000000 0.056917 0.000000 0.013123 0.042713 0.000000 0.000000 
0.000000 0.000039 0.000027 0.000000 0.000051 0.000228 0.000000 0.000000 0.000000 0.000796 0.000000 0.000004 0.000000 0.001600 0.002051 0.003051 0.002819 0.002426 0.003896 0.004789 0.004631 0.003486 0.003257 0.001069 0.000251 0.000015 0.000000 0.000822 0.000964 0.002598 0.005971 0.010600 0.014226 0.021842 0.014642 0.007014 0.006699 0.005193 0.005683 0.000869 0.002914 0.002698 0.003926 0.003964 0.002791 0.000959 0.002190 0.001095 0.002174 0.779401 0.000000 0.000000 0.000535 0.014369 0.000000 0.025688 0.000000 0.005987 0.019696 0.000000 0.000000 
0.000000 0.000041 0.000029 0.000000 0.000055 0.000247 0.000000 0.000000 0.000000 0.000882 0.000000 0.000004 0.000000 0.001810 0.002344 0.003486 0.003261 0.002806 0.004553 0.005595 0.005471 0.004119 0.003889 0.001276 0.000303 0.000018 0.000000 0.001004 0.001190 0.003205 0.007446 0.013219 0.017936 0.027537 0.018663 0.008940 0.008632 0.006692 0.007402 0.001132 0.003837 0.003553 0.005200 0.005251 0.001745 0.000600 0.000247 0.000124 0.001552 0.556203 0.000000 0.000000 0.006450 0.173137 0.000000 0.041722 0.000000 0.008599 0.028596 0.000000 0.000000 
0.000000 0.000000 0.000000 0.000000 0.000000 0.000000 0.000000 0.000000 0.000000 0.000000 0.000000 0.000000 0.000000 0.000000 0.000000 0.000000 0.000000 0.000000 0.000000 0.000000 0.000000 0.000000 0.000000 0.000000 0.000000 0.000000 0.000000 0.000000 0.000000 0.000000 0.000000 0.000000 0.000000 0.000000 0.000000 0.000000 0.000000 0.000000 0.000000 0.000000 0.000000 0.000000 0.000000 0.000000 0.000000 0.000000 0.000000 0.000000 0.000000 0.000000 0.000000 0.000000 0.000000 0.000000 0.000000 0.000000 0.000000 0.000000 0.000000 0.000000 0.000000 
0.000000 0.000000 0.000000 0.000000 0.000000 0.000000 0.000000 0.000000 0.000000 0.000000 0.000000 0.000000 0.000000 0.000000 0.000000 0.000000 0.000000 0.000000 0.000000 0.000000 0.000000 0.000000 0.000000 0.000000 0.000000 0.000000 0.000000 0.000000 0.000000 0.000000 0.000000 0.000000 0.000000 0.000000 0.000000 0.000000 0.000000 0.000000 0.000000 0.000000 0.000000 0.000000 0.000000 0.000000 0.000000 0.000000 0.000000 0.000000 0.000000 0.000000 0.000000 0.000000 0.000000 0.000000 0.000000 0.000000 0.000000 0.000000 0.000000 0.000000 0.000000 
0.000000 0.000000 0.000000 0.000000 0.000000 0.000000 0.000000 0.000000 0.000000 0.000000 0.000000 0.000000 0.000000 0.000000 0.000000 0.000000 0.000000 0.000000 0.000000 0.000000 0.000000 0.000000 0.000000 0.000000 0.000000 0.000000 0.000000 0.000000 0.000000 0.000000 0.000000 0.000000 0.000000 0.000000 0.000000 0.000000 0.000000 0.000000 0.000000 0.000000 0.000000 0.000000 0.000000 0.000000 0.000000 0.000000 0.000000 0.000000 0.000000 0.000000 0.000000 0.000000 0.000000 0.000000 0.000000 0.000000 0.000000 0.000000 0.000000 0.000000 0.000000 
0.000000 0.000000 0.000000 0.000000 0.000000 0.000000 0.000000 0.000000 0.000000 0.000000 0.000000 0.000000 0.000000 0.000000 0.000000 0.000000 0.000000 0.000000 0.000000 0.000000 0.000000 0.000000 0.000000 0.000000 0.000000 0.000000 0.000000 0.000000 0.000000 0.000000 0.000000 0.000000 0.000000 0.000000 0.000000 0.000000 0.000000 0.000000 0.000000 0.000000 0.000000 0.000000 0.000000 0.000000 0.000000 0.000000 0.000000 0.000000 0.000000 0.000000 0.000000 0.000000 0.000000 0.000000 0.000000 0.000000 0.000000 0.000000 0.000000 0.000000 0.000000 
0.000000 0.000000 0.000000 0.000000 0.000000 0.000000 0.000000 0.000000 0.000000 0.000000 0.000000 0.000000 0.000000 0.000000 0.000000 0.000000 0.000000 0.000000 0.000000 0.000000 0.000000 0.000000 0.000000 0.000000 0.000000 0.000000 0.000000 0.000000 0.000000 0.000000 0.000000 0.000000 0.000000 0.000000 0.000000 0.000000 0.000000 0.000000 0.000000 0.000000 0.000000 0.000000 0.000000 0.000000 0.000000 0.000000 0.000000 0.000000 0.000000 0.000000 0.000000 0.000000 0.000000 0.000000 0.000000 0.000000 0.000000 0.000000 0.000000 0.000000 0.000000 
