0.000000000 0.000000000 0.000000000 0.000000000 0.000000000 0.000000000 0.000000000 0.000000000 0.000000000 0.000000000 0.000000000 0.000000000 0.000000000 0.000000000 0.000000000 0.000000000 0.000000000 0.000000000 0.000000000 0.000000000 0.000000000 
0.054557872 0.002488319 0.316776279 0.040761850 0.328429734 0.096119780 0.025641734 0.030642884 0.009483016 0.002572520 0.004229925 0.005847250 0.030088141 0.020908708 0.006518832 0.004853950 0.004053505 0.002821777 0.001523494 0.000232756 0.011447672 
0.001495434 0.000068205 0.054902403 0.007064681 0.567909201 0.166206959 0.075039880 0.089675618 0.003740625 0.001014744 0.001475503 0.002039666 0.010609321 0.007372579 0.002323279 0.001729924 0.001460616 0.001016782 0.000554903 0.000084777 0.004214902 
0.000516543 0.000023559 0.003422948 0.000440455 0.223880734 0.065521981 0.295139737 0.352703631 0.024899348 0.006754610 0.001323844 0.001830020 0.008417712 0.005849597 0.001863343 0.001387453 0.001184041 0.000824250 0.000454801 0.000069484 0.003491910 
0.000857116 0.000039092 0.002681421 0.000345037 0.031655650 0.009264490 0.263870651 0.315335840 0.222100285 0.060250609 0.019985097 0.027626457 0.017128384 0.011902776 0.003352932 0.002496608 0.002153692 0.001499256 0.000836138 0.000127743 0.006490724 
0.001115066 0.000050857 0.003508951 0.000451522 0.019556671 0.005723547 0.029424199 0.035163078 0.156599927 0.042481895 0.140587411 0.194341421 0.203922377 0.141708770 0.005380543 0.004006376 0.003056292 0.002127584 0.001199427 0.000183246 0.009410841 
0.000493990 0.000022530 0.001571470 0.000202212 0.008809980 0.002578370 0.006257718 0.007478219 0.006011360 0.001630741 0.034123731 0.047171039 0.493824569 0.343166226 0.022051709 0.016419798 0.001688355 0.001175319 0.000585939 0.000089518 0.004647207 
0.000660568 0.000030128 0.002124153 0.000273330 0.012038321 0.003523191 0.008601183 0.010278753 0.003900734 0.001058178 0.003996685 0.005524829 0.365716876 0.254142236 0.162934215 0.121321520 0.021112620 0.014697183 0.000987606 0.000150884 0.006926806 
0.001370416 0.000062503 0.004455156 0.000573276 0.025522500 0.007469534 0.018434306 0.022029724 0.008409422 0.002281279 0.004067720 0.005623025 0.067184028 0.046687206 0.189261473 0.140924910 0.244675113 0.170326322 0.019370453 0.002959375 0.018312256 
0.001889061 0.000086158 0.006208463 0.000798887 0.035957282 0.010523426 0.026252495 0.031372768 0.012106574 0.003284230 0.005890571 0.008142849 0.045930767 0.031917991 0.023354455 0.017389828 0.190908916 0.132897919 0.150790484 0.023037435 0.241259441 
0.000000000 0.000000000 0.000000000 0.000000000 0.000000000 0.000000000 0.000000000 0.000000000 0.000000000 0.000000000 0.000000000 0.000000000 0.000000000 0.000000000 0.000000000 0.000000000 0.000000000 0.000000000 0.000000000 0.000000000 0.000000000 
