0.000000000 0.000000000 0.000000000 0.000000000 0.000000000 0.000000000 0.000000000 0.000000000 0.000000000 0.000000000 0.000000000 0.000000000 0.000000000 0.000000000 0.000000000 0.000000000 0.000000000 0.000000000 0.000000000 0.000000000 0.000000000 
0.000000000 0.000000000 0.000000000 0.000000000 0.000000000 0.000000000 0.000000000 0.000000000 0.000000000 0.000000000 0.000000000 0.000000000 0.000000000 0.000000000 0.000000000 0.000000000 0.000000000 0.000000000 0.000000000 0.000000000 0.000000000 
0.000000000 0.000633200 0.033602405 0.017276828 0.674266853 0.122818807 0.111587144 0.037471957 0.001382690 0.000346357 0.000008875 0.000263698 0.000012845 0.000305549 0.000000643 0.000019412 0.000000082 0.000002606 0.000000006 0.000000042 0.000000000 
0.000000000 0.000090962 0.001888285 0.003851287 0.228338295 0.150916800 0.330034804 0.245473577 0.034872988 0.002658346 0.000460889 0.000588305 0.000047685 0.000712283 0.000002125 0.000054158 0.000000309 0.000008711 0.000000024 0.000000168 0.000000000 
0.000000000 0.000080999 0.001427763 0.000918639 0.021305723 0.055859866 0.185578266 0.500838714 0.171259693 0.028915470 0.019301072 0.007497394 0.004111972 0.002638572 0.000013098 0.000209629 0.000001693 0.000040354 0.000000150 0.000000931 0.000000000 
0.000000000 0.000095080 0.003644456 0.001054990 0.020776304 0.017183923 0.022332020 0.239080172 0.124195512 0.076086352 0.122244915 0.105174997 0.222084567 0.043367081 0.001456593 0.001001499 0.000013463 0.000201449 0.000001064 0.000005562 0.000000000 
0.000000000 0.000034478 0.003047073 0.000457493 0.019591597 0.007290387 0.008044980 0.027170080 0.005521178 0.013417678 0.032749635 0.102238376 0.519628158 0.224743577 0.029062392 0.006080886 0.000553110 0.000355542 0.000003123 0.000010257 0.000000000 
0.000000000 0.000019522 0.004198587 0.000310315 0.030639769 0.005913605 0.014190315 0.021561787 0.003720439 0.002852268 0.002723315 0.033724855 0.260395750 0.408652604 0.127195341 0.058946703 0.020642875 0.004038054 0.000240033 0.000033862 0.000000000 
0.000000000 0.000016041 0.008860987 0.000305451 0.073394062 0.006973104 0.038580053 0.030404763 0.011408182 0.003934950 0.003190182 0.012462872 0.037642668 0.234339525 0.110807090 0.186329507 0.157059842 0.068048709 0.015573430 0.000668582 0.000000000 
0.000000000 0.000009952 0.014903448 0.000227020 0.140107709 0.006208493 0.083591166 0.032429300 0.028054940 0.005019012 0.008848299 0.015552107 0.039885968 0.078331368 0.014488926 0.096648482 0.123760948 0.194564738 0.107176945 0.010191177 0.000000000 
0.000000000 0.000000000 0.000000000 0.000000000 0.000000000 0.000000000 0.000000000 0.000000000 0.000000000 0.000000000 0.000000000 0.000000000 0.000000000 0.000000000 0.000000000 0.000000000 0.000000000 0.000000000 0.000000000 0.000000000 0.000000000 
