time ./a.out Aloe/left.ppm Aloe/right.ppm 135 2 left_aloe.pgm right_aloe.pgm
Timer reset.
check point #1 - prediction: 0.000s
check point #2 - build forest: 0.030s
OT=1
1, 0 33, 1 22080
OT=1
1, 0 33, 1 22080
check point #3 - steromatch: 0.170s
check point #4 - refine: 0.100s
1 -1
1 3
1 7
1 11
1 15
1 19
1 23
1 27
2 35
4 37
6 39
8 41
10 43
12 45
14 47
16 49
18 51
20 53
22 55
24 57
26 59
28 61
30 63
32 65
34 65
36 65
39 65
43 65
47 65
51 65
55 65
59 65
63 65
67 65
67 65
67 65
67 65
67 65
67 65
67 65
67 65
67 65
67 65
67 65
67 65
67 65
67 65
67 65
67 65
67 65
67 65
67 65
67 65
67 65
67 65
67 65
67 65
67 65
67 65
67 65
67 65
67 65
67 65
67 65
67 65
0 -1
0 -1
0 0
check point #5 - prediction: 0.020s
check point #6 - build forest: 0.080s
OT=268
1, 1 23, 1 11836
2, 32 65, 11837 11848
3, 20 53, 11849 12080
4, 1 23, 12081 23180
5, 18 51, 23181 23184
6, 2 35, 23185 23188
7, 18 51, 23189 23772
8, 2 35, 23773 24144
9, 4 37, 24145 24332
10, 1 27, 24333 32312
11, 6 39, 32313 33072
12, 1 27, 33073 33480
13, 12 45, 33481 33692
14, 16 49, 33693 35456
15, 1 27, 35457 36040
16, 4 37, 36041 36044
17, 4 37, 36045 36048
18, 14 47, 36049 45016
19, 4 37, 45017 45024
20, 24 57, 45025 45224
21, 4 37, 45225 45332
22, 22 55, 45333 46188
23, 2 35, 46189 50160
24, 1 27, 50161 50492
25, 4 37, 50493 50496
26, 8 41, 50497 51904
27, 14 47, 51905 52500
28, 4 37, 52501 52548
29, 20 53, 52549 53216
30, 6 39, 53217 53220
31, 1 23, 53221 53640
32, 18 51, 53641 53644
33, 18 51, 53645 53648
34, 18 51, 53649 53948
35, 1 27, 53949 53952
36, 1 27, 53953 58568
37, 1 27, 58569 58576
38, 12 45, 58577 60524
39, 1 27, 60525 60976
40, 1 27, 60977 65704
41, 12 45, 65705 65708
42, 16 49, 65709 65832
43, 12 45, 65833 66168
44, 4 37, 66169 66172
45, 12 45, 66173 66184
46, 4 37, 66185 66336
47, 14 47, 66337 66340
48, 2 35, 66341 66716
49, 12 45, 66717 66720
50, 24 57, 66721 67092
51, 22 55, 67093 67416
52, 16 49, 67417 67456
53, 8 41, 67457 68052
54, 10 43, 68053 69068
55, 6 39, 69069 69144
56, 12 45, 69145 69260
57, 2 35, 69261 69420
58, 2 35, 69421 72940
59, 20 53, 72941 72944
60, 20 53, 72945 73112
61, 18 51, 73113 73116
62, 4 37, 73117 75516
63, 6 39, 75517 75520
64, 18 51, 75521 75524
65, 6 39, 75525 75532
66, 12 45, 75533 75564
67, 8 41, 75565 76036
68, 10 43, 76037 76040
69, 18 51, 76041 76044
70, 20 53, 76045 76200
71, 22 55, 76201 76232
72, 12 45, 76233 76344
73, 18 51, 76345 76612
74, 12 45, 76613 76616
75, 16 49, 76617 76620
76, 12 45, 76621 76624
77, 18 51, 76625 76628
78, 12 45, 76629 76632
79, 16 49, 76633 76636
80, 12 45, 76637 76692
81, 16 49, 76693 76736
82, 2 35, 76737 76740
83, 2 35, 76741 77292
84, 16 49, 77293 77944
85, 12 45, 77945 79416
86, 1 27, 79417 79472
87, 2 35, 79473 79984
88, 1 23, 79985 80188
89, 4 37, 80189 80932
90, 10 43, 80933 81216
91, 8 41, 81217 82156
92, 18 51, 82157 82696
93, 12 45, 82697 82704
94, 2 35, 82705 82856
95, 4 37, 82857 83912
96, 4 37, 83913 84644
97, 6 39, 84645 84652
98, 12 45, 84653 84656
99, 6 39, 84657 84708
100, 8 41, 84709 84712
101, 6 39, 84713 84728
102, 10 43, 84729 84920
103, 8 41, 84921 84924
104, 20 53, 84925 85208
105, 10 43, 85209 85212
106, 8 41, 85213 85628
107, 6 39, 85629 86080
108, 18 51, 86081 86084
109, 10 43, 86085 86264
110, 8 41, 86265 86268
111, 8 41, 86269 86272
112, 8 41, 86273 86276
113, 8 41, 86277 86280
114, 6 39, 86281 86356
115, 8 41, 86357 86388
116, 10 43, 86389 86564
117, 12 45, 86565 86864
118, 8 41, 86865 86884
119, 16 49, 86885 87216
120, 12 45, 87217 87320
121, 10 43, 87321 87324
122, 12 45, 87325 87328
123, 12 45, 87329 87484
124, 14 47, 87485 87676
125, 12 45, 87677 87680
126, 10 43, 87681 87728
127, 8 41, 87729 87736
128, 22 55, 87737 87816
129, 16 49, 87817 88224
130, 12 45, 88225 88232
131, 14 47, 88233 88236
132, 14 47, 88237 88268
133, 14 47, 88269 88292
134, 14 47, 88293 88304
135, 12 45, 88305 88312
136, 18 51, 88313 88320
137, 1 -1, 88321 88321
138, 1 -1, 88322 88322
139, 1 -1, 88323 88323
140, 1 -1, 88324 88325
141, 1 -1, 88326 88326
142, 1 -1, 88327 88327
143, 1 -1, 88328 88328
144, 1 -1, 88329 88329
145, 1 -1, 88330 88332
146, 1 -1, 88333 88335
147, 1 -1, 88336 88336
148, 1 -1, 88337 88337
149, 1 -1, 88338 88338
150, 1 -1, 88339 88339
151, 1 -1, 88340 88340
152, 1 -1, 88341 88344
153, 1 -1, 88345 88346
154, 1 -1, 88347 88347
155, 1 -1, 88348 88350
156, 1 -1, 88351 88351
157, 1 -1, 88352 88352
158, 1 -1, 88353 88353
159, 1 -1, 88354 88356
160, 1 -1, 88357 88357
161, 1 -1, 88358 88358
162, 1 -1, 88359 88359
163, 1 -1, 88360 88360
164, 1 -1, 88361 88361
165, 1 -1, 88362 88363
166, 1 -1, 88364 88364
167, 1 -1, 88365 88365
168, 1 -1, 88366 88366
169, 1 -1, 88367 88367
170, 1 -1, 88368 88369
171, 1 -1, 88370 88370
172, 1 -1, 88371 88371
173, 1 -1, 88372 88372
174, 1 -1, 88373 88374
175, 1 -1, 88375 88376
176, 1 -1, 88377 88381
177, 1 -1, 88382 88382
178, 1 -1, 88383 88383
179, 1 -1, 88384 88385
180, 1 -1, 88386 88386
181, 1 -1, 88387 88388
182, 1 -1, 88389 88390
183, 1 -1, 88391 88391
184, 1 -1, 88392 88392
185, 1 -1, 88393 88394
186, 1 -1, 88395 88395
187, 1 -1, 88396 88396
188, 1 -1, 88397 88397
189, 1 -1, 88398 88398
190, 1 -1, 88399 88401
191, 1 -1, 88402 88402
192, 1 -1, 88403 88406
193, 1 -1, 88407 88407
194, 1 -1, 88408 88408
195, 1 -1, 88409 88410
196, 1 -1, 88411 88411
197, 1 -1, 88412 88413
198, 1 -1, 88414 88414
199, 1 -1, 88415 88416
200, 1 -1, 88417 88418
201, 1 -1, 88419 88424
202, 1 -1, 88425 88425
203, 1 -1, 88426 88429
204, 1 -1, 88430 88430
205, 1 -1, 88431 88432
206, 1 -1, 88433 88436
207, 1 -1, 88437 88437
208, 1 -1, 88438 88438
209, 1 -1, 88439 88442
210, 1 -1, 88443 88444
211, 1 -1, 88445 88468
212, 1 -1, 88469 88478
213, 1 -1, 88479 88479
214, 1 -1, 88480 88494
215, 1 -1, 88495 88495
216, 1 -1, 88496 88497
217, 1 -1, 88498 88499
218, 1 -1, 88500 88500
219, 1 -1, 88501 88510
220, 1 -1, 88511 88511
221, 1 -1, 88512 88512
222, 1 -1, 88513 88514
223, 1 -1, 88515 88521
224, 1 -1, 88522 88523
225, 1 -1, 88524 88524
226, 1 -1, 88525 88526
227, 1 -1, 88527 88527
228, 1 -1, 88528 88531
229, 1 -1, 88532 88533
230, 1 -1, 88534 88535
231, 1 -1, 88536 88536
232, 1 -1, 88537 88537
233, 1 -1, 88538 88540
234, 1 -1, 88541 88549
235, 1 -1, 88550 88550
236, 1 -1, 88551 88552
237, 1 -1, 88553 88555
238, 1 -1, 88556 88556
239, 1 -1, 88557 88557
240, 1 -1, 88558 88561
241, 1 -1, 88562 88563
242, 1 -1, 88564 88564
243, 1 -1, 88565 88565
244, 1 -1, 88566 88567
245, 1 -1, 88568 88572
246, 1 -1, 88573 88573
247, 1 -1, 88574 88581
248, 1 -1, 88582 88587
249, 1 -1, 88588 88588
250, 1 -1, 88589 88590
251, 1 -1, 88591 88591
252, 1 -1, 88592 88593
253, 1 -1, 88594 88594
254, 1 -1, 88595 88596
255, 1 -1, 88597 88598
256, 1 -1, 88599 88600
257, 1 -1, 88601 88602
258, 1 -1, 88603 88609
259, 1 -1, 88610 88613
260, 1 -1, 88614 88615
261, 1 -1, 88616 88617
262, 1 -1, 88618 88622
263, 1 -1, 88623 88625
264, 1 -1, 88626 88626
265, 1 -1, 88627 88635
266, 1 -1, 88636 88636
267, 1 -1, 88637 88638
268, 1 -1, 88639 88640
OT=273
1, 1 23, 1 7364
2, 20 53, 7365 7628
3, 18 51, 7629 8600
4, 1 23, 8601 21064
5, 4 37, 21065 21248
6, 1 27, 21249 28608
7, 16 49, 28609 28616
8, 16 49, 28617 30560
9, 1 27, 30561 30884
10, 6 39, 30885 31644
11, 4 37, 31645 31648
12, 12 45, 31649 31816
13, 1 27, 31817 32960
14, 14 47, 32961 33976
15, 14 47, 33977 43488
16, 4 37, 43489 43492
17, 1 23, 43493 45040
18, 4 37, 45041 45048
19, 12 45, 45049 45052
20, 1 27, 45053 45324
21, 24 57, 45325 45336
22, 4 37, 45337 45344
23, 22 55, 45345 45348
24, 24 57, 45349 45632
25, 22 55, 45633 45636
26, 22 55, 45637 45640
27, 22 55, 45641 45644
28, 2 35, 45645 49396
29, 22 55, 49397 50028
30, 4 37, 50029 50036
31, 8 41, 50037 51372
32, 6 39, 51373 51376
33, 4 37, 51377 51380
34, 20 53, 51381 51904
35, 18 51, 51905 51908
36, 18 51, 51909 51912
37, 18 51, 51913 51936
38, 1 27, 51937 58728
39, 18 51, 58729 58732
40, 20 53, 58733 58736
41, 14 47, 58737 58740
42, 18 51, 58741 59012
43, 12 45, 59013 60664
44, 12 45, 60665 60736
45, 12 45, 60737 60752
46, 1 27, 60753 61208
47, 1 23, 61209 62032
48, 1 27, 62033 62036
49, 1 27, 62037 66348
50, 12 45, 66349 66356
51, 12 45, 66357 66640
52, 4 37, 66641 66780
53, 16 49, 66781 66900
54, 2 35, 66901 66904
55, 12 45, 66905 66908
56, 2 35, 66909 67140
57, 14 47, 67141 67144
58, 22 55, 67145 67148
59, 24 57, 67149 67472
60, 22 55, 67473 67476
61, 12 45, 67477 67480
62, 22 55, 67481 67924
63, 16 49, 67925 68000
64, 8 41, 68001 68568
65, 2 35, 68569 68572
66, 2 35, 68573 68836
67, 10 43, 68837 69836
68, 12 45, 69837 69840
69, 2 35, 69841 69844
70, 6 39, 69845 69904
71, 20 53, 69905 69908
72, 2 35, 69909 73152
73, 12 45, 73153 73172
74, 20 53, 73173 73332
75, 20 53, 73333 73336
76, 18 51, 73337 73340
77, 4 37, 73341 75292
78, 6 39, 75293 75296
79, 8 41, 75297 75708
80, 12 45, 75709 75712
81, 20 53, 75713 75884
82, 2 35, 75885 75888
83, 12 45, 75889 75968
84, 18 51, 75969 75972
85, 18 51, 75973 76212
86, 18 51, 76213 76216
87, 12 45, 76217 76220
88, 2 35, 76221 77944
89, 12 45, 77945 77960
90, 16 49, 77961 77964
91, 16 49, 77965 77992
92, 12 45, 77993 78000
93, 16 49, 78001 78636
94, 12 45, 78637 80164
95, 14 47, 80165 80168
96, 4 37, 80169 81228
97, 1 27, 81229 81296
98, 1 23, 81297 81484
99, 10 43, 81485 81492
100, 18 51, 81493 81844
101, 10 43, 81845 81848
102, 12 45, 81849 81872
103, 4 37, 81873 82944
104, 8 41, 82945 83016
105, 2 35, 83017 83076
106, 2 35, 83077 83080
107, 4 37, 83081 84364
108, 10 43, 84365 84368
109, 6 39, 84369 84396
110, 6 39, 84397 84400
111, 10 43, 84401 84608
112, 10 43, 84609 84904
113, 8 41, 84905 85180
114, 6 39, 85181 85232
115, 20 53, 85233 85520
116, 10 43, 85521 85736
117, 8 41, 85737 85992
118, 6 39, 85993 86220
119, 12 45, 86221 86224
120, 8 41, 86225 86228
121, 8 41, 86229 86232
122, 6 39, 86233 86236
123, 8 41, 86237 86240
124, 6 39, 86241 86316
125, 10 43, 86317 86500
126, 6 39, 86501 86504
127, 16 49, 86505 86948
128, 8 41, 86949 86976
129, 6 39, 86977 86980
130, 8 41, 86981 86992
131, 10 43, 86993 86996
132, 6 39, 86997 87000
133, 10 43, 87001 87004
134, 12 45, 87005 87304
135, 8 41, 87305 87308
136, 12 45, 87309 87472
137, 10 43, 87473 87476
138, 10 43, 87477 87520
139, 22 55, 87521 87604
140, 16 49, 87605 88036
141, 14 47, 88037 88260
142, 14 47, 88261 88264
143, 14 47, 88265 88288
144, 14 47, 88289 88292
145, 14 47, 88293 88312
146, 18 51, 88313 88320
147, 1 -1, 88321 88321
148, 1 -1, 88322 88322
149, 1 -1, 88323 88323
150, 1 -1, 88324 88325
151, 1 -1, 88326 88326
152, 1 -1, 88327 88327
153, 1 -1, 88328 88328
154, 1 -1, 88329 88329
155, 1 -1, 88330 88330
156, 1 -1, 88331 88331
157, 1 -1, 88332 88332
158, 1 -1, 88333 88333
159, 1 -1, 88334 88335
160, 1 -1, 88336 88337
161, 1 -1, 88338 88342
162, 1 -1, 88343 88343
163, 1 -1, 88344 88344
164, 1 -1, 88345 88347
165, 1 -1, 88348 88348
166, 1 -1, 88349 88349
167, 1 -1, 88350 88351
168, 1 -1, 88352 88353
169, 1 -1, 88354 88356
170, 1 -1, 88357 88357
171, 1 -1, 88358 88358
172, 1 -1, 88359 88359
173, 1 -1, 88360 88362
174, 1 -1, 88363 88364
175, 1 -1, 88365 88369
176, 1 -1, 88370 88370
177, 1 -1, 88371 88371
178, 1 -1, 88372 88372
179, 1 -1, 88373 88374
180, 1 -1, 88375 88376
181, 1 -1, 88377 88378
182, 1 -1, 88379 88379
183, 1 -1, 88380 88380
184, 1 -1, 88381 88385
185, 1 -1, 88386 88393
186, 1 -1, 88394 88395
187, 1 -1, 88396 88399
188, 1 -1, 88400 88412
189, 1 -1, 88413 88413
190, 1 -1, 88414 88421
191, 1 -1, 88422 88423
192, 1 -1, 88424 88424
193, 1 -1, 88425 88425
194, 1 -1, 88426 88427
195, 1 -1, 88428 88446
196, 1 -1, 88447 88447
197, 1 -1, 88448 88463
198, 1 -1, 88464 88465
199, 1 -1, 88466 88466
200, 1 -1, 88467 88468
201, 1 -1, 88469 88469
202, 1 -1, 88470 88472
203, 1 -1, 88473 88474
204, 1 -1, 88475 88479
205, 1 -1, 88480 88483
206, 1 -1, 88484 88488
207, 1 -1, 88489 88489
208, 1 -1, 88490 88490
209, 1 -1, 88491 88492
210, 1 -1, 88493 88493
211, 1 -1, 88494 88495
212, 1 -1, 88496 88498
213, 1 -1, 88499 88499
214, 1 -1, 88500 88501
215, 1 -1, 88502 88502
216, 1 -1, 88503 88503
217, 1 -1, 88504 88505
218, 1 -1, 88506 88507
219, 1 -1, 88508 88508
220, 1 -1, 88509 88516
221, 1 -1, 88517 88517
222, 1 -1, 88518 88518
223, 1 -1, 88519 88523
224, 1 -1, 88524 88524
225, 1 -1, 88525 88525
226, 1 -1, 88526 88529
227, 1 -1, 88530 88530
228, 1 -1, 88531 88532
229, 1 -1, 88533 88533
230, 1 -1, 88534 88535
231, 1 -1, 88536 88539
232, 1 -1, 88540 88541
233, 1 -1, 88542 88544
234, 1 -1, 88545 88545
235, 1 -1, 88546 88554
236, 1 -1, 88555 88556
237, 1 -1, 88557 88557
238, 1 -1, 88558 88559
239, 1 -1, 88560 88560
240, 1 -1, 88561 88561
241, 1 -1, 88562 88563
242, 1 -1, 88564 88565
243, 1 -1, 88566 88567
244, 1 -1, 88568 88569
245, 1 -1, 88570 88571
246, 1 -1, 88572 88574
247, 1 -1, 88575 88578
248, 1 -1, 88579 88582
249, 1 -1, 88583 88584
250, 1 -1, 88585 88586
251, 1 -1, 88587 88590
252, 1 -1, 88591 88594
253, 1 -1, 88595 88599
254, 1 -1, 88600 88603
255, 1 -1, 88604 88604
256, 1 -1, 88605 88606
257, 1 -1, 88607 88610
258, 1 -1, 88611 88613
259, 1 -1, 88614 88614
260, 1 -1, 88615 88615
261, 1 -1, 88616 88619
262, 1 -1, 88620 88621
263, 1 -1, 88622 88622
264, 1 -1, 88623 88623
265, 1 -1, 88624 88627
266, 1 -1, 88628 88629
267, 1 -1, 88630 88630
268, 1 -1, 88631 88634
269, 1 -1, 88635 88636
270, 1 -1, 88637 88637
271, 1 -1, 88638 88638
272, 1 -1, 88639 88639
273, 1 -1, 88640 88640
check point #7 - steromatch: 0.420s
check point #8 - refine: 0.290s
1 -1
1 3
1 7
1 11
1 15
1 19
1 23
1 27
1 31
1 35
1 39
2 63
4 65
6 67
8 69
10 71
12 73
14 75
16 77
18 79
20 81
22 83
24 85
26 87
28 89
30 91
32 93
34 95
36 97
38 99
40 101
42 103
44 105
46 107
48 109
50 111
52 113
54 115
56 117
58 119
60 121
62 123
64 125
66 127
68 129
70 131
72 133
74 133
76 133
78 133
80 133
82 133
84 133
86 133
88 133
90 133
92 133
95 133
99 133
103 133
107 133
111 133
115 133
119 133
123 133
127 133
131 133
135 133
135 133
135 133
135 133
135 133
135 133
135 133
135 133
135 133
135 133
135 133
135 133
135 133
135 133
135 133
135 133
135 133
135 133
135 133
135 133
135 133
135 133
135 133
135 133
135 133
135 133
135 133
135 133
135 133
135 133
135 133
135 133
135 133
135 133
135 133
135 133
135 133
135 133
135 133
135 133
135 133
135 133
135 133
135 133
135 133
135 133
135 133
135 133
135 133
135 133
135 133
135 133
135 133
135 133
135 133
135 133
0 -1
0 -1
0 -1
0 -1
0 -1
0 -1
0 -1
0 -1
0 -1
0 -1
0 -1
0 -1
0 0
check point #9 - prediction: 0.070s
check point #10 - build forest: 0.380s
OT=1155
1, 2 63, 1 5328
2, 4 65, 5329 23988
3, 44 105, 23989 24012
4, 50 111, 24013 24180
5, 48 109, 24181 24936
6, 4 65, 24937 62224
7, 2 63, 62225 62444
8, 2 63, 62445 62748
9, 1 -1, 62749 62749
10, 1 -1, 62750 62750
11, 1 -1, 62751 62751
12, 1 -1, 62752 62752
13, 1 31, 62753 63168
14, 20 81, 63169 63172
15, 1 -1, 63173 63174
16, 1 -1, 63175 63175
17, 1 -1, 63176 63176
18, 4 65, 63177 63180
19, 1 -1, 63181 63181
20, 1 -1, 63182 63183
21, 26 87, 63184 63187
22, 1 -1, 63188 63188
23, 20 81, 63189 63192
24, 1 -1, 63193 63194
25, 1 -1, 63195 63195
26, 1 -1, 63196 63196
27, 26 87, 63197 63268
28, 16 77, 63269 63272
29, 1 -1, 63273 63273
30, 1 -1, 63274 63274
31, 1 -1, 63275 63275
32, 1 -1, 63276 63277
33, 26 87, 63278 63281
34, 14 75, 63282 63549
35, 1 -1, 63550 63550
36, 1 35, 63551 63814
37, 1 -1, 63815 63815
38, 1 -1, 63816 63818
39, 26 87, 63819 63822
40, 1 -1, 63823 63823
41, 1 -1, 63824 63824
42, 1 31, 63825 63828
43, 16 77, 63829 63832
44, 1 -1, 63833 63833
45, 1 -1, 63834 63838
46, 16 77, 63839 63842
47, 6 67, 63843 98594
48, 46 107, 98595 100310
49, 26 87, 100311 100314
50, 16 77, 100315 100318
51, 1 -1, 100319 100319
52, 1 -1, 100320 100320
53, 1 -1, 100321 100321
54, 1 -1, 100322 100322
55, 16 77, 100323 100326
56, 1 -1, 100327 100327
57, 1 -1, 100328 100328
58, 1 -1, 100329 100329
59, 1 -1, 100330 100330
60, 1 -1, 100331 100332
61, 6 67, 100333 100336
62, 1 -1, 100337 100337
63, 1 -1, 100338 100339
64, 6 67, 100340 100371
65, 16 77, 100372 101187
66, 1 -1, 101188 101188
67, 1 -1, 101189 101189
68, 1 -1, 101190 101190
69, 16 77, 101191 101194
70, 1 -1, 101195 101195
71, 1 -1, 101196 101196
72, 1 -1, 101197 101197
73, 1 -1, 101198 101198
74, 1 -1, 101199 101199
75, 1 -1, 101200 101201
76, 1 -1, 101202 101203
77, 1 -1, 101204 101205
78, 6 67, 101206 101213
79, 1 -1, 101214 101214
80, 1 -1, 101215 101217
81, 26 87, 101218 101221
82, 6 67, 101222 107813
83, 1 -1, 107814 107814
84, 44 105, 107815 109806
85, 1 -1, 109807 109808
86, 26 87, 109809 109812
87, 1 -1, 109813 109814
88, 1 -1, 109815 109816
89, 26 87, 109817 109820
90, 1 -1, 109821 109821
91, 1 -1, 109822 109822
92, 1 -1, 109823 109823
93, 1 -1, 109824 109824
94, 1 -1, 109825 109826
95, 26 87, 109827 109830
96, 1 -1, 109831 109831
97, 1 -1, 109832 109832
98, 16 77, 109833 109836
99, 1 -1, 109837 109839
100, 1 -1, 109840 109840
101, 1 -1, 109841 109841
102, 1 -1, 109842 109843
103, 16 77, 109844 109847
104, 1 -1, 109848 109848
105, 1 -1, 109849 109849
106, 1 -1, 109850 109850
107, 8 69, 109851 125390
108, 1 -1, 125391 125392
109, 1 -1, 125393 125396
110, 16 77, 125397 125400
111, 18 79, 125401 125412
112, 18 79, 125413 125720
113, 20 81, 125721 128000
114, 1 -1, 128001 128001
115, 1 -1, 128002 128002
116, 34 95, 128003 131630
117, 18 79, 131631 131794
118, 1 -1, 131795 131796
119, 32 93, 131797 131800
120, 1 -1, 131801 131801
121, 1 -1, 131802 131802
122, 1 -1, 131803 131805
123, 1 -1, 131806 131807
124, 32 93, 131808 131823
125, 1 -1, 131824 131826
126, 34 95, 131827 131830
127, 42 103, 131831 133422
128, 1 -1, 133423 133423
129, 1 -1, 133424 133424
130, 34 95, 133425 133428
131, 1 -1, 133429 133430
132, 1 -1, 133431 133431
133, 1 -1, 133432 133432
134, 16 77, 133433 133436
135, 1 -1, 133437 133437
136, 1 -1, 133438 133438
137, 10 71, 133439 133442
138, 16 77, 133443 133522
139, 1 -1, 133523 133524
140, 12 73, 133525 133528
141, 1 -1, 133529 133529
142, 1 -1, 133530 133530
143, 10 71, 133531 133566
144, 10 71, 133567 145062
145, 34 95, 145063 145066
146, 1 -1, 145067 145073
147, 1 -1, 145074 145074
148, 34 95, 145075 145078
149, 1 -1, 145079 145079
150, 1 -1, 145080 145080
151, 12 73, 145081 145084
152, 1 -1, 145085 145085
153, 1 -1, 145086 145086
154, 6 67, 145087 149126
155, 1 -1, 149127 149127
156, 1 -1, 149128 149128
157, 12 73, 149129 149132
158, 1 -1, 149133 149134
159, 34 95, 149135 149138
160, 12 73, 149139 149202
161, 1 -1, 149203 149203
162, 1 -1, 149204 149205
163, 40 101, 149206 153413
164, 1 -1, 153414 153414
165, 1 -1, 153415 153415
166, 1 -1, 153416 153416
167, 36 97, 153417 153420
168, 14 75, 153421 153424
169, 1 -1, 153425 153428
170, 14 75, 153429 153712
171, 12 73, 153713 153716
172, 1 -1, 153717 153717
173, 1 -1, 153718 153718
174, 36 97, 153719 153722
175, 12 73, 153723 153726
176, 1 -1, 153727 153727
177, 1 -1, 153728 153729
178, 36 97, 153730 153845
179, 1 -1, 153846 153846
180, 1 -1, 153847 153847
181, 1 -1, 153848 153849
182, 14 75, 153850 153865
183, 56 117, 153866 154605
184, 1 -1, 154606 154606
185, 28 89, 154607 155190
186, 24 85, 155191 155334
187, 24 85, 155335 155338
188, 1 -1, 155339 155340
189, 20 81, 155341 155344
190, 14 75, 155345 155348
191, 1 -1, 155349 155349
192, 1 -1, 155350 155351
193, 20 81, 155352 155431
194, 14 75, 155432 155435
195, 1 -1, 155436 155437
196, 54 115, 155438 155441
197, 1 -1, 155442 155442
198, 54 115, 155443 156022
199, 1 -1, 156023 156023
200, 1 -1, 156024 156024
201, 1 -1, 156025 156031
202, 42 103, 156032 156091
203, 40 101, 156092 156095
204, 36 97, 156096 156099
205, 52 113, 156100 158035
206, 46 107, 158036 158043
207, 10 71, 158044 158051
208, 1 -1, 158052 158052
209, 8 69, 158053 158056
210, 10 71, 158057 158064
211, 1 -1, 158065 158065
212, 1 -1, 158066 158067
213, 10 71, 158068 158071
214, 1 -1, 158072 158072
215, 8 69, 158073 158956
216, 16 77, 158957 159156
217, 22 83, 159157 161032
218, 1 -1, 161033 161033
219, 1 -1, 161034 161034
220, 1 -1, 161035 161035
221, 1 -1, 161036 161036
222, 50 111, 161037 161880
223, 1 -1, 161881 161887
224, 1 -1, 161888 161891
225, 12 73, 161892 161895
226, 20 81, 161896 161899
227, 36 97, 161900 163087
228, 1 -1, 163088 163091
229, 12 73, 163092 171687
230, 24 85, 171688 175099
231, 46 107, 175100 175103
232, 46 107, 175104 176799
233, 1 -1, 176800 176801
234, 1 -1, 176802 176802
235, 1 -1, 176803 176803
236, 1 -1, 176804 176804
237, 1 -1, 176805 176805
238, 1 -1, 176806 176806
239, 1 -1, 176807 176807
240, 1 -1, 176808 176809
241, 52 113, 176810 176813
242, 1 -1, 176814 176816
243, 1 -1, 176817 176817
244, 1 -1, 176818 176825
245, 38 99, 176826 178105
246, 6 67, 178106 184445
247, 10 71, 184446 184449
248, 1 -1, 184450 184450
249, 44 105, 184451 185106
250, 1 -1, 185107 185107
251, 1 -1, 185108 185111
252, 36 97, 185112 185143
253, 50 111, 185144 185147
254, 24 85, 185148 185163
255, 34 95, 185164 193567
256, 1 -1, 193568 193568
257, 1 -1, 193569 193569
258, 1 -1, 193570 193571
259, 18 79, 193572 193575
260, 18 79, 193576 193591
261, 48 109, 193592 194179
262, 1 -1, 194180 194182
263, 24 85, 194183 194190
264, 1 -1, 194191 194191
265, 1 -1, 194192 194192
266, 32 93, 194193 194196
267, 1 -1, 194197 194197
268, 1 -1, 194198 194198
269, 1 -1, 194199 194199
270, 1 -1, 194200 194200
271, 1 -1, 194201 194207
272, 36 97, 194208 194211
273, 36 97, 194212 194215
274, 36 97, 194216 196991
275, 22 83, 196992 196995
276, 18 79, 196996 197011
277, 20 81, 197012 197059
278, 68 129, 197060 197151
279, 1 -1, 197152 197152
280, 48 109, 197153 197156
281, 1 -1, 197157 197157
282, 1 -1, 197158 197158
283, 22 83, 197159 197162
284, 58 119, 197163 197178
285, 64 125, 197179 197182
286, 50 111, 197183 197186
287, 1 -1, 197187 197187
288, 1 -1, 197188 197188
289, 64 125, 197189 197300
290, 1 -1, 197301 197301
291, 1 -1, 197302 197302
292, 34 95, 197303 202010
293, 44 105, 202011 202090
294, 1 -1, 202091 202091
295, 1 -1, 202092 202092
296, 32 93, 202093 202096
297, 42 103, 202097 202288
298, 1 -1, 202289 202289
299, 1 -1, 202290 202290
300, 32 93, 202291 202294
301, 58 119, 202295 202298
302, 1 -1, 202299 202304
303, 32 93, 202305 202312
304, 22 83, 202313 202328
305, 58 119, 202329 202356
306, 46 107, 202357 202360
307, 32 93, 202361 205480
308, 22 83, 205481 205484
309, 44 105, 205485 205532
310, 48 109, 205533 205540
311, 50 111, 205541 205668
312, 46 107, 205669 205672
313, 16 77, 205673 205696
314, 46 107, 205697 205700
315, 1 -1, 205701 205701
316, 1 -1, 205702 205702
317, 14 75, 205703 208246
318, 34 95, 208247 208250
319, 8 69, 208251 209626
320, 8 69, 209627 209630
321, 1 -1, 209631 209632
322, 40 101, 209633 209636
323, 16 77, 209637 209640
324, 16 77, 209641 209644
325, 1 -1, 209645 209646
326, 8 69, 209647 212658
327, 40 101, 212659 212662
328, 34 95, 212663 212666
329, 8 69, 212667 212670
330, 1 -1, 212671 212673
331, 22 83, 212674 212713
332, 24 85, 212714 212717
333, 14 75, 212718 212721
334, 40 101, 212722 213229
335, 34 95, 213230 213233
336, 44 105, 213234 213237
337, 8 69, 213238 213241
338, 1 -1, 213242 213242
339, 30 91, 213243 213250
340, 26 87, 213251 213254
341, 16 77, 213255 213258
342, 1 -1, 213259 213259
343, 1 -1, 213260 213266
344, 26 87, 213267 213498
345, 34 95, 213499 213502
346, 38 99, 213503 213506
347, 16 77, 213507 213510
348, 20 81, 213511 213514
349, 38 99, 213515 214090
350, 40 101, 214091 214094
351, 20 81, 214095 214098
352, 1 -1, 214099 214099
353, 1 -1, 214100 214101
354, 34 95, 214102 214105
355, 20 81, 214106 214121
356, 32 93, 214122 214125
357, 1 -1, 214126 214126
358, 10 71, 214127 214130
359, 20 81, 214131 214162
360, 8 69, 214163 224222
361, 1 -1, 224223 224223
362, 1 -1, 224224 224224
363, 10 71, 224225 225848
364, 20 81, 225849 225856
365, 32 93, 225857 225912
366, 1 -1, 225913 225914
367, 30 91, 225915 225930
368, 28 89, 225931 225938
369, 20 81, 225939 225942
370, 1 -1, 225943 225943
371, 1 -1, 225944 225944
372, 1 -1, 225945 225945
373, 1 -1, 225946 225948
374, 62 123, 225949 226336
375, 50 111, 226337 227688
376, 1 -1, 227689 227689
377, 1 -1, 227690 227691
378, 76 133, 227692 228039
379, 1 -1, 228040 228040
380, 12 73, 228041 228648
381, 24 85, 228649 228652
382, 10 71, 228653 228944
383, 1 -1, 228945 228946
384, 24 85, 228947 229422
385, 1 -1, 229423 229424
386, 24 85, 229425 229428
387, 70 131, 229429 229808
388, 1 -1, 229809 229809
389, 1 -1, 229810 229811
390, 24 85, 229812 231431
391, 1 -1, 231432 231432
392, 70 131, 231433 231460
393, 1 -1, 231461 231461
394, 1 -1, 231462 231462
395, 10 71, 231463 231466
396, 1 -1, 231467 231468
397, 36 97, 231469 231472
398, 32 93, 231473 231496
399, 1 -1, 231497 231497
400, 1 -1, 231498 231498
401, 22 83, 231499 231502
402, 36 97, 231503 231506
403, 1 -1, 231507 231508
404, 60 121, 231509 231756
405, 24 85, 231757 231760
406, 1 -1, 231761 231761
407, 1 -1, 231762 231762
408, 22 83, 231763 231766
409, 1 -1, 231767 231769
410, 22 83, 231770 232821
411, 26 87, 232822 234249
412, 70 131, 234250 234253
413, 24 85, 234254 234257
414, 1 -1, 234258 234258
415, 1 -1, 234259 234259
416, 1 -1, 234260 234260
417, 24 85, 234261 234264
418, 1 -1, 234265 234265
419, 1 -1, 234266 234267
420, 28 89, 234268 236375
421, 32 93, 236376 236623
422, 10 71, 236624 236627
423, 1 -1, 236628 236629
424, 52 113, 236630 236633
425, 10 71, 236634 238025
426, 1 -1, 238026 238026
427, 52 113, 238027 238106
428, 1 -1, 238107 238107
429, 1 -1, 238108 238108
430, 46 107, 238109 238112
431, 1 -1, 238113 238115
432, 4 65, 238116 240455
433, 10 71, 240456 240459
434, 30 91, 240460 241127
435, 46 107, 241128 241131
436, 50 111, 241132 241135
437, 1 -1, 241136 241136
438, 46 107, 241137 241248
439, 50 111, 241249 241252
440, 48 109, 241253 241536
441, 1 -1, 241537 241537
442, 1 -1, 241538 241538
443, 48 109, 241539 241542
444, 46 107, 241543 241546
445, 1 -1, 241547 241547
446, 1 -1, 241548 241548
447, 20 81, 241549 241552
448, 46 107, 241553 241780
449, 36 97, 241781 241784
450, 1 -1, 241785 241785
451, 1 -1, 241786 241786
452, 20 81, 241787 242022
453, 12 73, 242023 249266
454, 22 83, 249267 249306
455, 24 85, 249307 249314
456, 1 -1, 249315 249315
457, 1 -1, 249316 249316
458, 8 69, 249317 249320
459, 10 71, 249321 255824
460, 14 75, 255825 261312
461, 36 97, 261313 261340
462, 1 -1, 261341 261341
463, 1 -1, 261342 261342
464, 1 -1, 261343 261343
465, 1 -1, 261344 261344
466, 8 69, 261345 268684
467, 44 105, 268685 268716
468, 1 -1, 268717 268717
469, 1 -1, 268718 268720
470, 16 77, 268721 275176
471, 46 107, 275177 275184
472, 12 73, 275185 275188
473, 6 67, 275189 275380
474, 44 105, 275381 275384
475, 36 97, 275385 275392
476, 12 73, 275393 275396
477, 1 -1, 275397 275397
478, 1 -1, 275398 275400
479, 36 97, 275401 275404
480, 12 73, 275405 275580
481, 24 85, 275581 277076
482, 54 115, 277077 277216
483, 1 -1, 277217 277218
484, 50 111, 277219 277222
485, 1 -1, 277223 277223
486, 1 -1, 277224 277224
487, 52 113, 277225 277340
488, 36 97, 277341 277344
489, 1 -1, 277345 277345
490, 1 -1, 277346 277346
491, 32 93, 277347 277350
492, 50 111, 277351 277354
493, 36 97, 277355 277358
494, 1 -1, 277359 277360
495, 32 93, 277361 277404
496, 32 93, 277405 277408
497, 50 111, 277409 277744
498, 50 111, 277745 277748
499, 24 85, 277749 277752
500, 1 -1, 277753 277753
501, 1 -1, 277754 277754
502, 34 95, 277755 277758
503, 36 97, 277759 277810
504, 36 97, 277811 277814
505, 1 -1, 277815 277815
506, 1 -1, 277816 277822
507, 18 79, 277823 277826
508, 46 107, 277827 278346
509, 48 109, 278347 278350
510, 18 79, 278351 278502
511, 48 109, 278503 278626
512, 24 85, 278627 278630
513, 36 97, 278631 280298
514, 36 97, 280299 281106
515, 38 99, 281107 281506
516, 30 91, 281507 281650
517, 34 95, 281651 291498
518, 1 -1, 291499 291499
519, 1 -1, 291500 291500
520, 36 97, 291501 291504
521, 1 -1, 291505 291505
522, 1 -1, 291506 291507
523, 32 93, 291508 291511
524, 1 -1, 291512 291512
525, 32 93, 291513 291552
526, 1 -1, 291553 291553
527, 1 -1, 291554 291555
528, 34 95, 291556 291727
529, 44 105, 291728 292299
530, 46 107, 292300 292303
531, 34 95, 292304 292307
532, 1 -1, 292308 292308
533, 46 107, 292309 292312
534, 1 -1, 292313 292314
535, 32 93, 292315 292318
536, 26 87, 292319 292486
537, 34 95, 292487 292490
538, 1 -1, 292491 292495
539, 32 93, 292496 292499
540, 32 93, 292500 292903
541, 32 93, 292904 292907
542, 36 97, 292908 293043
543, 42 103, 293044 293047
544, 1 -1, 293048 293048
545, 38 99, 293049 293052
546, 42 103, 293053 293176
547, 1 -1, 293177 293178
548, 20 81, 293179 293182
549, 38 99, 293183 298418
550, 44 105, 298419 298426
551, 10 71, 298427 302454
552, 1 -1, 302455 302456
553, 40 101, 302457 302460
554, 1 -1, 302461 302461
555, 1 -1, 302462 302462
556, 1 -1, 302463 302463
557, 1 -1, 302464 302464
558, 40 101, 302465 302560
559, 1 -1, 302561 302561
560, 1 -1, 302562 302562
561, 34 95, 302563 302566
562, 36 97, 302567 302570
563, 1 -1, 302571 302574
564, 1 -1, 302575 302575
565, 1 -1, 302576 302576
566, 36 97, 302577 310604
567, 1 -1, 310605 310608
568, 1 -1, 310609 310609
569, 1 -1, 310610 310610
570, 1 -1, 310611 310612
571, 1 -1, 310613 310613
572, 1 -1, 310614 310614
573, 32 93, 310615 310618
574, 40 101, 310619 310622
575, 12 73, 310623 311066
576, 1 -1, 311067 311069
577, 1 -1, 311070 311070
578, 1 -1, 311071 311073
579, 1 -1, 311074 311074
580, 1 -1, 311075 311075
581, 1 -1, 311076 311076
582, 1 -1, 311077 311077
583, 1 -1, 311078 311078
584, 1 -1, 311079 311079
585, 1 -1, 311080 311080
586, 40 101, 311081 312936
587, 1 -1, 312937 312937
588, 1 -1, 312938 312938
589, 1 -1, 312939 312940
590, 1 -1, 312941 312941
591, 1 -1, 312942 312942
592, 1 -1, 312943 312943
593, 1 -1, 312944 312947
594, 34 95, 312948 313027
595, 30 91, 313028 313175
596, 1 -1, 313176 313178
597, 1 -1, 313179 313179
598, 1 -1, 313180 313180
599, 1 -1, 313181 313181
600, 1 -1, 313182 313182
601, 1 -1, 313183 313183
602, 1 -1, 313184 313184
603, 42 103, 313185 313968
604, 8 69, 313969 314028
605, 1 -1, 314029 314030
606, 14 75, 314031 314982
607, 6 67, 314983 315458
608, 1 -1, 315459 315460
609, 34 95, 315461 315464
610, 1 -1, 315465 315466
611, 34 95, 315467 315470
612, 4 65, 315471 316394
613, 6 67, 316395 316398
614, 1 -1, 316399 316399
615, 1 -1, 316400 316402
616, 6 67, 316403 316590
617, 16 77, 316591 316630
618, 8 69, 316631 316650
619, 1 -1, 316651 316651
620, 1 -1, 316652 316653
621, 16 77, 316654 316657
622, 1 -1, 316658 316658
623, 10 71, 316659 318270
624, 1 -1, 318271 318271
625, 1 -1, 318272 318272
626, 18 79, 318273 320900
627, 2 63, 320901 320984
628, 1 -1, 320985 320985
629, 1 -1, 320986 320986
630, 18 79, 320987 321002
631, 1 -1, 321003 321003
632, 1 -1, 321004 321005
633, 14 75, 321006 324705
634, 18 79, 324706 324709
635, 12 73, 324710 325597
636, 8 69, 325598 325825
637, 1 -1, 325826 325826
638, 8 69, 325827 325830
639, 18 79, 325831 325834
640, 44 105, 325835 327162
641, 1 -1, 327163 327163
642, 1 -1, 327164 327164
643, 42 103, 327165 327168
644, 16 77, 327169 328288
645, 8 69, 328289 328304
646, 1 -1, 328305 328305
647, 1 -1, 328306 328306
648, 1 -1, 328307 328307
649, 1 -1, 328308 328308
650, 1 -1, 328309 328309
651, 1 -1, 328310 328310
652, 16 77, 328311 330746
653, 1 -1, 330747 330752
654, 12 73, 330753 330780
655, 1 -1, 330781 330781
656, 1 -1, 330782 330785
657, 46 107, 330786 331641
658, 16 77, 331642 334253
659, 1 -1, 334254 334254
660, 32 93, 334255 335722
661, 1 -1, 335723 335723
662, 1 -1, 335724 335724
663, 32 93, 335725 335728
664, 1 -1, 335729 335730
665, 44 105, 335731 335734
666, 14 75, 335735 335790
667, 1 -1, 335791 335791
668, 1 -1, 335792 335794
669, 18 79, 335795 335798
670, 1 -1, 335799 335799
671, 1 -1, 335800 335800
672, 18 79, 335801 335880
673, 1 -1, 335881 335881
674, 1 -1, 335882 335883
675, 48 109, 335884 336579
676, 1 -1, 336580 336580
677, 20 81, 336581 336584
678, 1 -1, 336585 336585
679, 1 -1, 336586 336586
680, 24 85, 336587 336590
681, 28 89, 336591 336662
682, 1 -1, 336663 336664
683, 18 79, 336665 337776
684, 16 77, 337777 337860
685, 20 81, 337861 338472
686, 20 81, 338473 338476
687, 18 79, 338477 338500
688, 1 -1, 338501 338501
689, 1 -1, 338502 338502
690, 16 77, 338503 338510
691, 16 77, 338511 338526
692, 24 85, 338527 338858
693, 20 81, 338859 338934
694, 24 85, 338935 339262
695, 26 87, 339263 339266
696, 24 85, 339267 339282
697, 1 -1, 339283 339283
698, 1 -1, 339284 339284
699, 20 81, 339285 339876
700, 20 81, 339877 339880
701, 46 107, 339881 339884
702, 26 87, 339885 340012
703, 28 89, 340013 340268
704, 26 87, 340269 340276
705, 22 83, 340277 340420
706, 20 81, 340421 340828
707, 1 -1, 340829 340829
708, 1 -1, 340830 340830
709, 26 87, 340831 341382
710, 18 79, 341383 341390
711, 1 -1, 341391 341392
712, 20 81, 341393 341396
713, 22 83, 341397 341476
714, 1 -1, 341477 341477
715, 1 -1, 341478 341478
716, 20 81, 341479 342418
717, 22 83, 342419 342886
718, 20 81, 342887 342910
719, 26 87, 342911 342914
720, 30 91, 342915 342922
721, 24 85, 342923 342978
722, 1 -1, 342979 342979
723, 1 -1, 342980 342980
724, 24 85, 342981 343320
725, 26 87, 343321 343328
726, 22 83, 343329 343392
727, 30 91, 343393 343584
728, 28 89, 343585 343588
729, 30 91, 343589 343708
730, 24 85, 343709 343724
731, 28 89, 343725 343812
732, 1 -1, 343813 343815
733, 26 87, 343816 343899
734, 28 89, 343900 343903
735, 50 111, 343904 344355
736, 28 89, 344356 344711
737, 28 89, 344712 344715
738, 1 -1, 344716 344717
739, 28 89, 344718 344721
740, 32 93, 344722 345409
741, 28 89, 345410 345413
742, 48 109, 345414 345417
743, 36 97, 345418 345421
744, 26 87, 345422 345425
745, 26 87, 345426 345505
746, 22 83, 345506 345509
747, 26 87, 345510 345565
748, 28 89, 345566 345881
749, 26 87, 345882 345969
750, 28 89, 345970 345973
751, 32 93, 345974 346381
752, 1 -1, 346382 346382
753, 26 87, 346383 346402
754, 28 89, 346403 346666
755, 28 89, 346667 346670
756, 28 89, 346671 346974
757, 26 87, 346975 346978
758, 26 87, 346979 346982
759, 28 89, 346983 346986
760, 36 97, 346987 347302
761, 1 -1, 347303 347304
762, 30 91, 347305 347308
763, 48 109, 347309 347312
764, 28 89, 347313 347316
765, 28 89, 347317 347332
766, 30 91, 347333 347468
767, 1 -1, 347469 347471
768, 30 91, 347472 347523
769, 30 91, 347524 347555
770, 34 95, 347556 347567
771, 26 87, 347568 347571
772, 24 85, 347572 347575
773, 30 91, 347576 347603
774, 36 97, 347604 347907
775, 28 89, 347908 347927
776, 1 -1, 347928 347928
777, 48 109, 347929 347932
778, 38 99, 347933 348376
779, 32 93, 348377 348468
780, 1 -1, 348469 348469
781, 1 -1, 348470 348470
782, 30 91, 348471 348474
783, 34 95, 348475 348638
784, 32 93, 348639 348642
785, 48 109, 348643 348734
786, 36 97, 348735 349146
787, 1 -1, 349147 349147
788, 1 -1, 349148 349148
789, 22 83, 349149 349152
790, 34 95, 349153 349428
791, 32 93, 349429 349432
792, 36 97, 349433 349436
793, 52 113, 349437 349628
794, 34 95, 349629 349632
795, 34 95, 349633 349736
796, 38 99, 349737 350264
797, 34 95, 350265 350276
798, 36 97, 350277 350496
799, 34 95, 350497 350512
800, 40 101, 350513 350736
801, 1 -1, 350737 350737
802, 1 -1, 350738 350738
803, 36 97, 350739 350774
804, 38 99, 350775 351310
805, 36 97, 351311 351394
806, 50 111, 351395 351398
807, 40 101, 351399 351498
808, 34 95, 351499 351514
809, 36 97, 351515 351578
810, 36 97, 351579 351606
811, 1 -1, 351607 351607
812, 1 -1, 351608 351608
813, 40 101, 351609 351776
814, 36 97, 351777 351780
815, 34 95, 351781 351784
816, 36 97, 351785 351900
817, 38 99, 351901 351904
818, 40 101, 351905 352056
819, 38 99, 352057 352416
820, 38 99, 352417 352620
821, 36 97, 352621 352668
822, 42 103, 352669 352976
823, 40 101, 352977 353368
824, 1 -1, 353369 353370
825, 36 97, 353371 353378
826, 38 99, 353379 353386
827, 38 99, 353387 353418
828, 40 101, 353419 353634
829, 42 103, 353635 353730
830, 38 99, 353731 353774
831, 1 -1, 353775 353777
832, 4 65, 353778 353809
833, 50 111, 353810 353813
834, 38 99, 353814 353817
835, 1 -1, 353818 353819
836, 34 95, 353820 353823
837, 50 111, 353824 353827
838, 36 97, 353828 353831
839, 1 -1, 353832 353856
840, 1 -1, 353857 353862
841, 1 -1, 353863 353864
842, 1 -1, 353865 353865
843, 1 -1, 353866 353866
844, 1 -1, 353867 353878
845, 1 -1, 353879 353879
846, 1 -1, 353880 353880
847, 1 -1, 353881 353882
848, 1 -1, 353883 353883
849, 1 -1, 353884 353884
850, 1 -1, 353885 353885
851, 1 -1, 353886 353909
852, 1 -1, 353910 353922
853, 1 -1, 353923 353923
854, 1 -1, 353924 353924
855, 1 -1, 353925 353925
856, 1 -1, 353926 353926
857, 1 -1, 353927 353930
858, 1 -1, 353931 353934
859, 1 -1, 353935 353937
860, 1 -1, 353938 353939
861, 1 -1, 353940 353964
862, 1 -1, 353965 353966
863, 1 -1, 353967 353967
864, 1 -1, 353968 353968
865, 1 -1, 353969 353986
866, 1 -1, 353987 353987
867, 1 -1, 353988 353988
868, 1 -1, 353989 353997
869, 1 -1, 353998 353999
870, 1 -1, 354000 354000
871, 1 -1, 354001 354008
872, 1 -1, 354009 354009
873, 1 -1, 354010 354010
874, 1 -1, 354011 354011
875, 1 -1, 354012 354012
876, 1 -1, 354013 354028
877, 1 -1, 354029 354029
878, 1 -1, 354030 354036
879, 1 -1, 354037 354037
880, 1 -1, 354038 354046
881, 1 -1, 354047 354047
882, 1 -1, 354048 354048
883, 1 -1, 354049 354050
884, 1 -1, 354051 354051
885, 1 -1, 354052 354056
886, 1 -1, 354057 354057
887, 1 -1, 354058 354058
888, 1 -1, 354059 354059
889, 1 -1, 354060 354060
890, 1 -1, 354061 354102
891, 1 -1, 354103 354106
892, 1 -1, 354107 354108
893, 1 -1, 354109 354109
894, 1 -1, 354110 354132
895, 1 -1, 354133 354134
896, 1 -1, 354135 354140
897, 1 -1, 354141 354141
898, 1 -1, 354142 354142
899, 1 -1, 354143 354147
900, 1 -1, 354148 354148
901, 1 -1, 354149 354152
902, 1 -1, 354153 354155
903, 1 -1, 354156 354174
904, 1 -1, 354175 354175
905, 1 -1, 354176 354176
906, 1 -1, 354177 354177
907, 1 -1, 354178 354179
908, 1 -1, 354180 354187
909, 1 -1, 354188 354190
910, 1 -1, 354191 354191
911, 1 -1, 354192 354200
912, 1 -1, 354201 354202
913, 1 -1, 354203 354204
914, 1 -1, 354205 354208
915, 1 -1, 354209 354209
916, 1 -1, 354210 354210
917, 1 -1, 354211 354211
918, 1 -1, 354212 354212
919, 1 -1, 354213 354214
920, 1 -1, 354215 354215
921, 1 -1, 354216 354261
922, 1 -1, 354262 354747
923, 1 -1, 354748 354748
924, 1 -1, 354749 354749
925, 1 -1, 354750 354757
926, 1 -1, 354758 354774
927, 1 -1, 354775 354776
928, 1 -1, 354777 354791
929, 1 -1, 354792 354792
930, 1 -1, 354793 354795
931, 1 -1, 354796 354802
932, 1 -1, 354803 354804
933, 1 -1, 354805 354805
934, 1 -1, 354806 354815
935, 1 -1, 354816 354817
936, 1 -1, 354818 354845
937, 1 -1, 354846 354846
938, 1 -1, 354847 354850
939, 1 -1, 354851 354892
940, 1 -1, 354893 354893
941, 1 -1, 354894 354918
942, 1 -1, 354919 354933
943, 1 -1, 354934 354934
944, 1 -1, 354935 354939
945, 1 -1, 354940 355077
946, 1 -1, 355078 355078
947, 1 -1, 355079 355080
948, 1 -1, 355081 355134
949, 1 -1, 355135 355142
950, 1 -1, 355143 355262
951, 1 -1, 355263 355263
952, 1 -1, 355264 355275
953, 1 -1, 355276 355279
954, 1 -1, 355280 355291
955, 1 -1, 355292 355294
956, 1 -1, 355295 355295
957, 1 -1, 355296 355296
958, 1 -1, 355297 355297
959, 1 -1, 355298 355298
960, 1 -1, 355299 355300
961, 1 -1, 355301 355301
962, 1 -1, 355302 355302
963, 1 -1, 355303 355303
964, 1 -1, 355304 355304
965, 1 -1, 355305 355305
966, 1 -1, 355306 355306
967, 1 -1, 355307 355307
968, 1 -1, 355308 355308
969, 1 -1, 355309 355309
970, 1 -1, 355310 355311
971, 1 -1, 355312 355314
972, 1 -1, 355315 355315
973, 1 -1, 355316 355316
974, 1 -1, 355317 355317
975, 1 -1, 355318 355319
976, 1 -1, 355320 355321
977, 1 -1, 355322 355322
978, 1 -1, 355323 355330
979, 1 -1, 355331 355331
980, 1 -1, 355332 355332
981, 1 -1, 355333 355333
982, 1 -1, 355334 355334
983, 1 -1, 355335 355335
984, 1 -1, 355336 355336
985, 1 -1, 355337 355337
986, 1 -1, 355338 355338
987, 1 -1, 355339 355339
988, 1 -1, 355340 355341
989, 1 -1, 355342 355342
990, 1 -1, 355343 355343
991, 1 -1, 355344 355344
992, 1 -1, 355345 355345
993, 1 -1, 355346 355346
994, 1 -1, 355347 355347
995, 1 -1, 355348 355350
996, 1 -1, 355351 355351
997, 1 -1, 355352 355352
998, 1 -1, 355353 355353
999, 1 -1, 355354 355355
1000, 1 -1, 355356 355356
1001, 1 -1, 355357 355357
1002, 1 -1, 355358 355387
1003, 1 -1, 355388 355390
1004, 1 -1, 355391 355391
1005, 1 -1, 355392 355392
1006, 1 -1, 355393 355393
1007, 1 -1, 355394 355394
1008, 1 -1, 355395 355404
1009, 1 -1, 355405 355405
1010, 1 -1, 355406 355406
1011, 1 -1, 355407 355407
1012, 1 -1, 355408 355412
1013, 1 -1, 355413 355413
1014, 1 -1, 355414 355415
1015, 1 -1, 355416 355416
1016, 1 -1, 355417 355418
1017, 1 -1, 355419 355419
1018, 1 -1, 355420 355420
1019, 1 -1, 355421 355429
1020, 1 -1, 355430 355430
1021, 1 -1, 355431 355432
1022, 1 -1, 355433 355433
1023, 1 -1, 355434 355434
1024, 1 -1, 355435 355435
1025, 1 -1, 355436 355437
1026, 1 -1, 355438 355438
1027, 1 -1, 355439 355439
1028, 1 -1, 355440 355441
1029, 1 -1, 355442 355442
1030, 1 -1, 355443 355459
1031, 1 -1, 355460 355460
1032, 1 -1, 355461 355476
1033, 1 -1, 355477 355478
1034, 1 -1, 355479 355479
1035, 1 -1, 355480 355481
1036, 1 -1, 355482 355482
1037, 1 -1, 355483 355483
1038, 1 -1, 355484 355484
1039, 1 -1, 355485 355485
1040, 1 -1, 355486 355497
1041, 1 -1, 355498 355502
1042, 1 -1, 355503 355503
1043, 1 -1, 355504 355509
1044, 1 -1, 355510 355515
1045, 1 -1, 355516 355517
1046, 1 -1, 355518 355521
1047, 1 -1, 355522 355522
1048, 1 -1, 355523 355523
1049, 1 -1, 355524 355524
1050, 1 -1, 355525 355525
1051, 1 -1, 355526 355526
1052, 1 -1, 355527 355527
1053, 1 -1, 355528 355528
1054, 1 -1, 355529 355529
1055, 1 -1, 355530 355530
1056, 1 -1, 355531 355531
1057, 1 -1, 355532 355532
1058, 1 -1, 355533 355533
1059, 1 -1, 355534 355536
1060, 1 -1, 355537 355537
1061, 1 -1, 355538 355538
1062, 1 -1, 355539 355539
1063, 1 -1, 355540 355540
1064, 1 -1, 355541 355541
1065, 1 -1, 355542 355542
1066, 1 -1, 355543 355543
1067, 1 -1, 355544 355544
1068, 1 -1, 355545 355545
1069, 1 -1, 355546 355547
1070, 1 -1, 355548 355548
1071, 1 -1, 355549 355549
1072, 1 -1, 355550 355550
1073, 1 -1, 355551 355551
1074, 1 -1, 355552 355552
1075, 1 -1, 355553 355559
1076, 1 -1, 355560 355560
1077, 1 -1, 355561 355561
1078, 1 -1, 355562 355562
1079, 1 -1, 355563 355563
1080, 1 -1, 355564 355564
1081, 1 -1, 355565 355565
1082, 1 -1, 355566 355566
1083, 1 -1, 355567 355567
1084, 1 -1, 355568 355568
1085, 1 -1, 355569 355569
1086, 1 -1, 355570 355570
1087, 1 -1, 355571 355572
1088, 1 -1, 355573 355573
1089, 1 -1, 355574 355575
1090, 1 -1, 355576 355576
1091, 1 -1, 355577 355586
1092, 1 -1, 355587 355587
1093, 1 -1, 355588 355588
1094, 1 -1, 355589 355589
1095, 1 -1, 355590 355590
1096, 1 -1, 355591 355594
1097, 1 -1, 355595 355595
1098, 1 -1, 355596 355598
1099, 1 -1, 355599 355599
1100, 1 -1, 355600 355600
1101, 1 -1, 355601 355603
1102, 1 -1, 355604 355604
1103, 1 -1, 355605 355605
1104, 1 -1, 355606 355608
1105, 1 -1, 355609 355609
1106, 1 -1, 355610 355610
1107, 1 -1, 355611 355613
1108, 1 -1, 355614 355614
1109, 1 -1, 355615 355615
1110, 1 -1, 355616 355616
1111, 1 -1, 355617 355617
1112, 1 -1, 355618 355618
1113, 1 -1, 355619 355619
1114, 1 -1, 355620 355620
1115, 1 -1, 355621 355628
1116, 1 -1, 355629 355636
1117, 1 -1, 355637 355638
1118, 1 -1, 355639 355639
1119, 1 -1, 355640 355640
1120, 1 -1, 355641 355641
1121, 1 -1, 355642 355645
1122, 1 -1, 355646 355646
1123, 1 -1, 355647 355650
1124, 1 -1, 355651 355651
1125, 1 -1, 355652 355652
1126, 1 -1, 355653 355653
1127, 1 -1, 355654 355655
1128, 1 -1, 355656 355657
1129, 1 -1, 355658 355658
1130, 1 -1, 355659 355676
1131, 1 -1, 355677 355686
1132, 1 -1, 355687 355687
1133, 1 -1, 355688 355690
1134, 1 -1, 355691 355691
1135, 1 -1, 355692 355695
1136, 1 -1, 355696 355696
1137, 1 -1, 355697 355709
1138, 1 -1, 355710 355716
1139, 1 -1, 355717 355717
1140, 1 -1, 355718 355718
1141, 1 -1, 355719 355719
1142, 1 -1, 355720 355729
1143, 1 -1, 355730 355730
1144, 1 -1, 355731 355735
1145, 1 -1, 355736 355736
1146, 1 -1, 355737 355738
1147, 1 -1, 355739 355739
1148, 1 -1, 355740 355743
1149, 1 -1, 355744 355744
1150, 1 -1, 355745 355745
1151, 1 -1, 355746 355748
1152, 1 -1, 355749 355749
1153, 1 -1, 355750 355750
1154, 1 -1, 355751 355751
1155, 1 -1, 355752 355755
OT=1141
1, 2 63, 1 4496
2, 4 65, 4497 19548
3, 48 109, 19549 20620
4, 44 105, 20621 23732
5, 1 31, 23733 24072
6, 4 65, 24073 65404
7, 2 63, 65405 65616
8, 2 63, 65617 65904
9, 1 -1, 65905 65906
10, 50 111, 65907 65930
11, 1 -1, 65931 65931
12, 1 -1, 65932 65932
13, 20 81, 65933 65936
14, 1 -1, 65937 65937
15, 1 -1, 65938 65938
16, 1 -1, 65939 65941
17, 1 -1, 65942 65942
18, 20 81, 65943 65946
19, 1 -1, 65947 65947
20, 1 -1, 65948 65948
21, 1 -1, 65949 65949
22, 1 -1, 65950 65950
23, 1 -1, 65951 65951
24, 1 -1, 65952 65953
25, 26 87, 65954 65957
26, 1 -1, 65958 65958
27, 1 -1, 65959 65959
28, 1 -1, 65960 65960
29, 16 77, 65961 65996
30, 14 75, 65997 66336
31, 1 -1, 66337 66337
32, 1 -1, 66338 66338
33, 20 81, 66339 66342
34, 1 35, 66343 66434
35, 1 -1, 66435 66439
36, 26 87, 66440 66443
37, 1 -1, 66444 66444
38, 26 87, 66445 66448
39, 1 -1, 66449 66453
40, 20 81, 66454 66457
41, 20 81, 66458 66461
42, 1 -1, 66462 66462
43, 1 -1, 66463 66465
44, 20 81, 66466 66469
45, 46 107, 66470 67017
46, 1 -1, 67018 67018
47, 6 67, 67019 86018
48, 26 87, 86019 86022
49, 1 -1, 86023 86023
50, 1 -1, 86024 86024
51, 1 -1, 86025 86025
52, 1 -1, 86026 86026
53, 26 87, 86027 86030
54, 1 -1, 86031 86031
55, 1 -1, 86032 86032
56, 1 -1, 86033 86038
57, 6 67, 86039 94290
58, 46 107, 94291 94294
59, 16 77, 94295 95026
60, 14 75, 95027 95030
61, 1 -1, 95031 95031
62, 1 -1, 95032 95033
63, 26 87, 95034 95037
64, 1 -1, 95038 95038
65, 1 -1, 95039 95039
66, 1 -1, 95040 95040
67, 1 -1, 95041 95041
68, 1 -1, 95042 95042
69, 16 77, 95043 95046
70, 1 -1, 95047 95047
71, 1 -1, 95048 95048
72, 34 95, 95049 95052
73, 20 81, 95053 95184
74, 1 -1, 95185 95185
75, 1 -1, 95186 95186
76, 1 -1, 95187 95189
77, 1 -1, 95190 95190
78, 16 77, 95191 95194
79, 1 -1, 95195 95195
80, 1 -1, 95196 95196
81, 34 95, 95197 95200
82, 1 -1, 95201 95202
83, 1 -1, 95203 95203
84, 1 -1, 95204 95204
85, 1 -1, 95205 95205
86, 1 -1, 95206 95207
87, 12 73, 95208 95211
88, 1 -1, 95212 95212
89, 12 73, 95213 95228
90, 1 -1, 95229 95229
91, 1 -1, 95230 95230
92, 1 -1, 95231 95233
93, 42 103, 95234 95237
94, 1 -1, 95238 95238
95, 34 95, 95239 95242
96, 42 103, 95243 95250
97, 12 73, 95251 95646
98, 1 -1, 95647 95647
99, 1 -1, 95648 95648
100, 1 -1, 95649 95652
101, 8 69, 95653 95656
102, 42 103, 95657 98120
103, 1 -1, 98121 98121
104, 1 -1, 98122 98122
105, 8 69, 98123 112646
106, 34 95, 112647 112650
107, 1 -1, 112651 112651
108, 1 -1, 112652 112652
109, 1 -1, 112653 112653
110, 1 -1, 112654 112654
111, 1 -1, 112655 112655
112, 1 -1, 112656 112656
113, 18 79, 112657 112924
114, 1 -1, 112925 112933
115, 34 95, 112934 112937
116, 18 79, 112938 113101
117, 20 81, 113102 115537
118, 34 95, 115538 115541
119, 16 77, 115542 115545
120, 16 77, 115546 115553
121, 1 -1, 115554 115555
122, 34 95, 115556 120411
123, 1 -1, 120412 120412
124, 1 -1, 120413 120413
125, 1 -1, 120414 120414
126, 32 93, 120415 120450
127, 16 77, 120451 120454
128, 1 -1, 120455 120455
129, 1 -1, 120456 120456
130, 16 77, 120457 120516
131, 1 -1, 120517 120517
132, 1 -1, 120518 120518
133, 1 -1, 120519 120519
134, 1 -1, 120520 120520
135, 1 -1, 120521 120521
136, 1 -1, 120522 120523
137, 1 -1, 120524 120532
138, 42 103, 120533 120536
139, 10 71, 120537 120540
140, 42 103, 120541 120544
141, 10 71, 120545 120552
142, 28 89, 120553 120560
143, 16 77, 120561 120572
144, 6 67, 120573 124464
145, 1 -1, 124465 124465
146, 1 -1, 124466 124466
147, 1 -1, 124467 124467
148, 1 -1, 124468 124468
149, 36 97, 124469 125036
150, 28 89, 125037 125040
151, 36 97, 125041 127916
152, 1 -1, 127917 127917
153, 1 -1, 127918 127918
154, 34 95, 127919 127922
155, 28 89, 127923 127926
156, 12 73, 127927 127930
157, 1 -1, 127931 127932
158, 10 71, 127933 138660
159, 28 89, 138661 138664
160, 12 73, 138665 138704
161, 1 -1, 138705 138705
162, 1 -1, 138706 138714
163, 34 95, 138715 138722
164, 34 95, 138723 138726
165, 16 77, 138727 138730
166, 40 101, 138731 141738
167, 14 75, 141739 141742
168, 1 -1, 141743 141743
169, 1 -1, 141744 141744
170, 14 75, 141745 141856
171, 1 -1, 141857 141860
172, 6 67, 141861 155944
173, 1 -1, 155945 155945
174, 1 -1, 155946 155946
175, 24 85, 155947 155950
176, 1 -1, 155951 155951
177, 1 -1, 155952 155953
178, 14 75, 155954 155981
179, 24 85, 155982 155985
180, 1 -1, 155986 155986
181, 6 67, 155987 155990
182, 24 85, 155991 156234
183, 1 -1, 156235 156236
184, 28 89, 156237 156240
185, 1 -1, 156241 156241
186, 1 -1, 156242 156242
187, 28 89, 156243 156246
188, 1 -1, 156247 156248
189, 28 89, 156249 156252
190, 16 77, 156253 156256
191, 28 89, 156257 156268
192, 1 -1, 156269 156269
193, 1 -1, 156270 156270
194, 28 89, 156271 156322
195, 1 -1, 156323 156323
196, 1 -1, 156324 156324
197, 24 85, 156325 156328
198, 56 117, 156329 157136
199, 1 -1, 157137 157137
200, 1 -1, 157138 157138
201, 42 103, 157139 157142
202, 46 107, 157143 157286
203, 24 85, 157287 157290
204, 36 97, 157291 157294
205, 1 -1, 157295 157295
206, 1 -1, 157296 157298
207, 42 103, 157299 157338
208, 10 71, 157339 157342
209, 24 85, 157343 157346
210, 54 115, 157347 157350
211, 10 71, 157351 157354
212, 24 85, 157355 157358
213, 54 115, 157359 157366
214, 1 -1, 157367 157367
215, 1 -1, 157368 157369
216, 24 85, 157370 157373
217, 52 113, 157374 158909
218, 54 115, 158910 159553
219, 1 -1, 159554 159554
220, 16 77, 159555 159614
221, 24 85, 159615 159618
222, 1 -1, 159619 159619
223, 1 -1, 159620 159620
224, 8 69, 159621 161276
225, 1 -1, 161277 161278
226, 34 95, 161279 161282
227, 1 -1, 161283 161283
228, 1 -1, 161284 161284
229, 42 103, 161285 161288
230, 22 83, 161289 162844
231, 1 -1, 162845 162845
232, 1 -1, 162846 162846
233, 34 95, 162847 162850
234, 1 -1, 162851 162853
235, 28 89, 162854 162865
236, 1 -1, 162866 162866
237, 1 -1, 162867 162867
238, 1 -1, 162868 162868
239, 20 81, 162869 162872
240, 1 -1, 162873 162873
241, 1 -1, 162874 162874
242, 12 73, 162875 162878
243, 50 111, 162879 162882
244, 1 -1, 162883 162883
245, 1 -1, 162884 162884
246, 28 89, 162885 162888
247, 24 85, 162889 162892
248, 50 111, 162893 162896
249, 1 -1, 162897 162897
250, 1 -1, 162898 162898
251, 12 73, 162899 170918
252, 24 85, 170919 173386
253, 50 111, 173387 173898
254, 1 -1, 173899 173899
255, 1 -1, 173900 173901
256, 24 85, 173902 173905
257, 1 -1, 173906 173906
258, 48 109, 173907 173910
259, 54 115, 173911 173914
260, 1 -1, 173915 173915
261, 1 -1, 173916 173916
262, 20 81, 173917 173920
263, 48 109, 173921 173924
264, 1 -1, 173925 173925
265, 1 -1, 173926 173928
266, 10 71, 173929 173932
267, 46 107, 173933 174836
268, 20 81, 174837 174840
269, 48 109, 174841 174844
270, 1 -1, 174845 174845
271, 1 -1, 174846 174846
272, 1 -1, 174847 174847
273, 1 -1, 174848 174848
274, 38 99, 174849 174864
275, 10 71, 174865 174868
276, 48 109, 174869 174872
277, 1 -1, 174873 174874
278, 1 -1, 174875 174875
279, 1 -1, 174876 174876
280, 10 71, 174877 174884
281, 20 81, 174885 174888
282, 1 -1, 174889 174889
283, 1 -1, 174890 174890
284, 20 81, 174891 174894
285, 1 -1, 174895 174895
286, 1 -1, 174896 174900
287, 38 99, 174901 174904
288, 38 99, 174905 176144
289, 62 123, 176145 176504
290, 24 85, 176505 176508
291, 1 -1, 176509 176510
292, 32 93, 176511 176658
293, 24 85, 176659 176682
294, 36 97, 176683 176734
295, 34 95, 176735 196614
296, 34 95, 196615 196618
297, 1 -1, 196619 196620
298, 26 87, 196621 196784
299, 1 -1, 196785 196786
300, 18 79, 196787 196946
301, 48 109, 196947 197562
302, 1 -1, 197563 197563
303, 1 -1, 197564 197564
304, 1 -1, 197565 197568
305, 44 105, 197569 197576
306, 54 115, 197577 197968
307, 1 -1, 197969 197969
308, 1 -1, 197970 197970
309, 1 -1, 197971 197971
310, 1 -1, 197972 197972
311, 22 83, 197973 198024
312, 44 105, 198025 198028
313, 54 115, 198029 198032
314, 1 -1, 198033 198034
315, 36 97, 198035 200130
316, 44 105, 200131 200138
317, 54 115, 200139 200146
318, 1 -1, 200147 200147
319, 1 -1, 200148 200148
320, 26 87, 200149 200152
321, 1 -1, 200153 200153
322, 1 -1, 200154 200154
323, 36 97, 200155 200158
324, 20 81, 200159 200362
325, 20 81, 200363 200366
326, 26 87, 200367 200370
327, 44 105, 200371 200374
328, 1 -1, 200375 200375
329, 1 -1, 200376 200377
330, 26 87, 200378 200385
331, 44 105, 200386 200389
332, 26 87, 200390 200393
333, 1 -1, 200394 200394
334, 1 -1, 200395 200395
335, 1 -1, 200396 200401
336, 34 95, 200402 204617
337, 26 87, 204618 204621
338, 44 105, 204622 205477
339, 32 93, 205478 205489
340, 50 111, 205490 205553
341, 46 107, 205554 205629
342, 1 -1, 205630 205631
343, 32 93, 205632 205639
344, 58 119, 205640 205643
345, 1 -1, 205644 205645
346, 32 93, 205646 208557
347, 22 83, 208558 208561
348, 42 103, 208562 208565
349, 1 -1, 208566 208567
350, 22 83, 208568 208579
351, 1 -1, 208580 208580
352, 24 85, 208581 208584
353, 42 103, 208585 208588
354, 46 107, 208589 208592
355, 8 69, 208593 210224
356, 1 -1, 210225 210226
357, 14 75, 210227 212714
358, 42 103, 212715 212722
359, 4 65, 212723 212742
360, 1 -1, 212743 212743
361, 1 -1, 212744 212750
362, 6 67, 212751 219582
363, 40 101, 219583 219586
364, 42 103, 219587 219590
365, 24 85, 219591 219594
366, 40 101, 219595 220142
367, 42 103, 220143 220146
368, 22 83, 220147 220150
369, 30 91, 220151 220154
370, 26 87, 220155 220422
371, 42 103, 220423 220426
372, 8 69, 220427 233998
373, 1 -1, 233999 233999
374, 1 -1, 234000 234000
375, 8 69, 234001 236536
376, 42 103, 236537 236540
377, 1 -1, 236541 236541
378, 1 -1, 236542 236543
379, 42 103, 236544 236551
380, 1 -1, 236552 236552
381, 20 81, 236553 236556
382, 1 -1, 236557 236557
383, 1 -1, 236558 236558
384, 20 81, 236559 236566
385, 1 -1, 236567 236567
386, 1 -1, 236568 236568
387, 30 91, 236569 236636
388, 28 89, 236637 236640
389, 20 81, 236641 236644
390, 38 99, 236645 237460
391, 42 103, 237461 237464
392, 40 101, 237465 237468
393, 20 81, 237469 237472
394, 32 93, 237473 237476
395, 1 -1, 237477 237477
396, 1 -1, 237478 237478
397, 20 81, 237479 237510
398, 20 81, 237511 237514
399, 32 93, 237515 237518
400, 8 69, 237519 237998
401, 1 -1, 237999 237999
402, 1 -1, 238000 238000
403, 28 89, 238001 238004
404, 20 81, 238005 238008
405, 1 -1, 238009 238010
406, 10 71, 238011 238014
407, 28 89, 238015 238046
408, 20 81, 238047 238050
409, 10 71, 238051 238414
410, 32 93, 238415 238418
411, 1 -1, 238419 238419
412, 1 -1, 238420 238422
413, 10 71, 238423 239706
414, 30 91, 239707 239710
415, 32 93, 239711 239714
416, 28 89, 239715 239718
417, 24 85, 239719 239722
418, 62 123, 239723 240446
419, 34 95, 240447 240450
420, 1 -1, 240451 240451
421, 1 -1, 240452 240452
422, 24 85, 240453 240456
423, 32 93, 240457 240460
424, 1 -1, 240461 240462
425, 24 85, 240463 240466
426, 50 111, 240467 240470
427, 1 -1, 240471 240471
428, 1 -1, 240472 240472
429, 76 133, 240473 240816
430, 50 111, 240817 242408
431, 24 85, 242409 243188
432, 1 -1, 243189 243189
433, 1 -1, 243190 243193
434, 12 73, 243194 243549
435, 1 -1, 243550 243550
436, 1 -1, 243551 243551
437, 1 -1, 243552 243552
438, 32 93, 243553 243556
439, 32 93, 243557 243564
440, 1 -1, 243565 243565
441, 1 -1, 243566 243566
442, 70 131, 243567 243570
443, 32 93, 243571 243574
444, 32 93, 243575 243578
445, 10 71, 243579 243582
446, 1 -1, 243583 243585
447, 24 85, 243586 245037
448, 60 121, 245038 245041
449, 70 131, 245042 245049
450, 62 123, 245050 245065
451, 32 93, 245066 245149
452, 32 93, 245150 245153
453, 10 71, 245154 247253
454, 1 -1, 247254 247254
455, 60 121, 247255 247402
456, 62 123, 247403 247414
457, 1 -1, 247415 247415
458, 1 -1, 247416 247419
459, 24 85, 247420 247423
460, 1 -1, 247424 247424
461, 22 83, 247425 248400
462, 26 87, 248401 249692
463, 1 -1, 249693 249693
464, 1 -1, 249694 249695
465, 1 -1, 249696 249696
466, 28 89, 249697 251588
467, 60 121, 251589 251592
468, 1 -1, 251593 251595
469, 26 87, 251596 251715
470, 54 115, 251716 251763
471, 54 115, 251764 251767
472, 1 -1, 251768 251768
473, 52 113, 251769 251824
474, 32 93, 251825 251828
475, 1 -1, 251829 251831
476, 1 -1, 251832 251832
477, 1 -1, 251833 251833
478, 1 -1, 251834 251834
479, 50 111, 251835 251838
480, 1 -1, 251839 251839
481, 1 -1, 251840 251840
482, 30 91, 251841 252432
483, 50 111, 252433 252436
484, 48 109, 252437 252724
485, 1 -1, 252725 252727
486, 32 93, 252728 252735
487, 36 97, 252736 252831
488, 1 -1, 252832 252832
489, 46 107, 252833 252836
490, 48 109, 252837 252840
491, 46 107, 252841 252844
492, 1 -1, 252845 252845
493, 1 -1, 252846 252846
494, 20 81, 252847 253058
495, 12 73, 253059 259958
496, 22 83, 259959 259982
497, 32 93, 259983 260014
498, 34 95, 260015 260018
499, 46 107, 260019 260022
500, 46 107, 260023 260318
501, 1 -1, 260319 260319
502, 1 -1, 260320 260320
503, 10 71, 260321 266532
504, 14 75, 266533 271292
505, 46 107, 271293 271312
506, 1 -1, 271313 271314
507, 8 69, 271315 278398
508, 1 -1, 278399 278399
509, 1 -1, 278400 278400
510, 44 105, 278401 278404
511, 46 107, 278405 278412
512, 1 -1, 278413 278414
513, 1 -1, 278415 278415
514, 1 -1, 278416 278416
515, 16 77, 278417 283632
516, 36 97, 283633 283640
517, 12 73, 283641 284020
518, 54 115, 284021 284172
519, 50 111, 284173 284176
520, 1 -1, 284177 284179
521, 24 85, 284180 285387
522, 1 -1, 285388 285388
523, 30 91, 285389 285392
524, 1 -1, 285393 285393
525, 1 -1, 285394 285397
526, 4 65, 285398 285477
527, 52 113, 285478 285481
528, 52 113, 285482 285545
529, 1 -1, 285546 285546
530, 36 97, 285547 285598
531, 50 111, 285599 285602
532, 50 111, 285603 285962
533, 1 -1, 285963 285963
534, 1 -1, 285964 285964
535, 20 81, 285965 285968
536, 1 -1, 285969 285969
537, 1 -1, 285970 285971
538, 32 93, 285972 285979
539, 16 77, 285980 285983
540, 12 73, 285984 285987
541, 1 -1, 285988 285988
542, 16 77, 285989 285992
543, 20 81, 285993 285996
544, 12 73, 285997 286000
545, 1 -1, 286001 286002
546, 18 79, 286003 286006
547, 32 93, 286007 286010
548, 16 77, 286011 286018
549, 46 107, 286019 286022
550, 48 109, 286023 286138
551, 1 -1, 286139 286139
552, 1 -1, 286140 286140
553, 18 79, 286141 286260
554, 32 93, 286261 286268
555, 36 97, 286269 287720
556, 46 107, 287721 288144
557, 36 97, 288145 289004
558, 38 99, 289005 289572
559, 30 91, 289573 289844
560, 1 -1, 289845 289846
561, 1 -1, 289847 289847
562, 1 -1, 289848 289848
563, 1 -1, 289849 289851
564, 32 93, 289852 289855
565, 1 -1, 289856 289856
566, 32 93, 289857 289900
567, 46 107, 289901 289904
568, 1 -1, 289905 289906
569, 34 95, 289907 290046
570, 44 105, 290047 290558
571, 1 -1, 290559 290559
572, 1 -1, 290560 290560
573, 4 65, 290561 290748
574, 32 93, 290749 291020
575, 26 87, 291021 291024
576, 1 -1, 291025 291025
577, 1 -1, 291026 291026
578, 24 85, 291027 291030
579, 26 87, 291031 291170
580, 36 97, 291171 291174
581, 1 -1, 291175 291175
582, 1 -1, 291176 291176
583, 10 71, 291177 298488
584, 1 -1, 298489 298489
585, 1 -1, 298490 298492
586, 36 97, 298493 298496
587, 38 99, 298497 298500
588, 36 97, 298501 298608
589, 42 103, 298609 298724
590, 1 -1, 298725 298726
591, 38 99, 298727 304170
592, 1 -1, 304171 304172
593, 20 81, 304173 304176
594, 38 99, 304177 304180
595, 1 -1, 304181 304182
596, 36 97, 304183 304186
597, 34 95, 304187 304190
598, 1 -1, 304191 304191
599, 1 -1, 304192 304193
600, 36 97, 304194 304197
601, 40 101, 304198 304273
602, 1 -1, 304274 304274
603, 1 -1, 304275 304275
604, 1 -1, 304276 304276
605, 1 -1, 304277 304277
606, 1 -1, 304278 304279
607, 1 -1, 304280 304280
608, 36 97, 304281 311944
609, 12 73, 311945 313148
610, 1 -1, 313149 313152
611, 32 93, 313153 313156
612, 1 -1, 313157 313157
613, 1 -1, 313158 313158
614, 1 -1, 313159 313160
615, 1 -1, 313161 313161
616, 1 -1, 313162 313162
617, 40 101, 313163 313166
618, 1 -1, 313167 313167
619, 1 -1, 313168 313169
620, 1 -1, 313170 313170
621, 1 -1, 313171 313171
622, 1 -1, 313172 313172
623, 36 97, 313173 313176
624, 1 -1, 313177 313177
625, 1 -1, 313178 313181
626, 1 -1, 313182 313182
627, 1 -1, 313183 313183
628, 1 -1, 313184 313184
629, 38 99, 313185 313188
630, 40 101, 313189 314896
631, 1 -1, 314897 314898
632, 1 -1, 314899 314899
633, 1 -1, 314900 314900
634, 1 -1, 314901 314901
635, 1 -1, 314902 314902
636, 1 -1, 314903 314903
637, 1 -1, 314904 314905
638, 38 99, 314906 314909
639, 36 97, 314910 314913
640, 1 -1, 314914 314915
641, 38 99, 314916 314919
642, 1 -1, 314920 314921
643, 1 -1, 314922 314924
644, 1 -1, 314925 314925
645, 1 -1, 314926 314926
646, 12 73, 314927 314930
647, 4 65, 314931 316106
648, 1 -1, 316107 316109
649, 42 103, 316110 316969
650, 16 77, 316970 317105
651, 8 69, 317106 317137
652, 1 -1, 317138 317138
653, 6 67, 317139 317614
654, 8 69, 317615 317622
655, 1 -1, 317623 317624
656, 8 69, 317625 317628
657, 1 -1, 317629 317629
658, 1 -1, 317630 317630
659, 34 95, 317631 317634
660, 8 69, 317635 317638
661, 6 67, 317639 317642
662, 1 -1, 317643 317643
663, 1 -1, 317644 317644
664, 6 67, 317645 317844
665, 14 75, 317845 318736
666, 8 69, 318737 318764
667, 1 -1, 318765 318769
668, 1 -1, 318770 318770
669, 16 77, 318771 320482
670, 12 73, 320483 321658
671, 1 -1, 321659 321659
672, 1 -1, 321660 321660
673, 2 63, 321661 321900
674, 1 -1, 321901 321901
675, 1 -1, 321902 321902
676, 14 75, 321903 321906
677, 1 -1, 321907 321907
678, 1 -1, 321908 321908
679, 8 69, 321909 322144
680, 1 -1, 322145 322146
681, 40 101, 322147 322154
682, 44 105, 322155 323338
683, 32 93, 323339 323346
684, 1 -1, 323347 323347
685, 1 -1, 323348 323348
686, 8 69, 323349 323376
687, 1 -1, 323377 323377
688, 1 -1, 323378 323378
689, 18 79, 323379 325646
690, 1 -1, 325647 325647
691, 1 -1, 325648 325648
692, 16 77, 325649 325652
693, 1 -1, 325653 325653
694, 1 -1, 325654 325654
695, 16 77, 325655 325658
696, 1 -1, 325659 325659
697, 1 -1, 325660 325660
698, 14 75, 325661 325664
699, 16 77, 325665 327592
700, 14 75, 327593 327596
701, 4 65, 327597 327652
702, 1 -1, 327653 327653
703, 1 -1, 327654 327654
704, 12 73, 327655 327678
705, 14 75, 327679 329970
706, 16 77, 329971 333402
707, 1 -1, 333403 333403
708, 1 -1, 333404 333404
709, 1 -1, 333405 333405
710, 1 -1, 333406 333406
711, 46 107, 333407 333954
712, 18 79, 333955 334226
713, 1 -1, 334227 334227
714, 1 -1, 334228 334229
715, 1 -1, 334230 334230
716, 1 -1, 334231 334231
717, 1 -1, 334232 334232
718, 32 93, 334233 335792
719, 1 -1, 335793 335793
720, 1 -1, 335794 335795
721, 24 85, 335796 335799
722, 14 75, 335800 335867
723, 1 -1, 335868 335868
724, 24 85, 335869 336644
725, 1 -1, 336645 336645
726, 1 -1, 336646 336647
727, 26 87, 336648 336939
728, 14 75, 336940 336943
729, 1 -1, 336944 336944
730, 1 -1, 336945 336945
731, 1 -1, 336946 336946
732, 48 109, 336947 337686
733, 1 -1, 337687 337687
734, 1 -1, 337688 337688
735, 1 -1, 337689 337689
736, 1 -1, 337690 337693
737, 18 79, 337694 338373
738, 16 77, 338374 338457
739, 46 107, 338458 338461
740, 32 93, 338462 338465
741, 1 -1, 338466 338466
742, 16 77, 338467 338470
743, 20 81, 338471 338474
744, 20 81, 338475 339006
745, 20 81, 339007 339010
746, 28 89, 339011 339034
747, 24 85, 339035 339038
748, 26 87, 339039 339674
749, 22 83, 339675 339854
750, 1 -1, 339855 339855
751, 1 -1, 339856 339856
752, 20 81, 339857 340216
753, 36 97, 340217 340220
754, 20 81, 340221 340224
755, 24 85, 340225 340488
756, 28 89, 340489 340760
757, 20 81, 340761 342560
758, 18 79, 342561 342564
759, 1 -1, 342565 342565
760, 1 -1, 342566 342566
761, 36 97, 342567 343214
762, 20 81, 343215 343238
763, 18 79, 343239 343246
764, 18 79, 343247 343250
765, 1 -1, 343251 343252
766, 20 81, 343253 343256
767, 22 83, 343257 343364
768, 18 79, 343365 343368
769, 1 -1, 343369 343371
770, 20 81, 343372 343383
771, 22 83, 343384 343787
772, 20 81, 343788 343799
773, 24 85, 343800 343803
774, 28 89, 343804 344175
775, 30 91, 344176 344223
776, 24 85, 344224 344315
777, 18 79, 344316 344331
778, 1 -1, 344332 344332
779, 24 85, 344333 344540
780, 22 83, 344541 344588
781, 28 89, 344589 345008
782, 30 91, 345009 345116
783, 30 91, 345117 345176
784, 1 -1, 345177 345177
785, 1 -1, 345178 345178
786, 48 109, 345179 345182
787, 50 111, 345183 345682
788, 26 87, 345683 345686
789, 1 -1, 345687 345688
790, 24 85, 345689 345704
791, 26 87, 345705 345816
792, 28 89, 345817 345972
793, 48 109, 345973 345976
794, 26 87, 345977 345980
795, 26 87, 345981 346072
796, 30 91, 346073 346076
797, 30 91, 346077 346080
798, 26 87, 346081 346084
799, 26 87, 346085 346088
800, 32 93, 346089 346520
801, 1 -1, 346521 346521
802, 1 -1, 346522 346525
803, 26 87, 346526 346545
804, 28 89, 346546 346753
805, 28 89, 346754 346757
806, 30 91, 346758 346765
807, 26 87, 346766 346885
808, 28 89, 346886 346925
809, 30 91, 346926 346933
810, 32 93, 346934 347469
811, 30 91, 347470 347477
812, 26 87, 347478 347481
813, 48 109, 347482 347485
814, 30 91, 347486 347493
815, 28 89, 347494 347501
816, 30 91, 347502 347645
817, 1 -1, 347646 347647
818, 30 91, 347648 347707
819, 30 91, 347708 347751
820, 48 109, 347752 347755
821, 36 97, 347756 348071
822, 28 89, 348072 348075
823, 26 87, 348076 348079
824, 1 -1, 348080 348080
825, 48 109, 348081 348084
826, 34 95, 348085 348092
827, 38 99, 348093 348536
828, 32 93, 348537 348612
829, 1 -1, 348613 348613
830, 1 -1, 348614 348615
831, 34 95, 348616 348787
832, 48 109, 348788 348791
833, 40 101, 348792 349067
834, 36 97, 349068 349567
835, 1 -1, 349568 349568
836, 48 109, 349569 349572
837, 52 113, 349573 349764
838, 40 101, 349765 349956
839, 34 95, 349957 349960
840, 34 95, 349961 350068
841, 38 99, 350069 350984
842, 34 95, 350985 350992
843, 34 95, 350993 351004
844, 36 97, 351005 351196
845, 36 97, 351197 351200
846, 1 -1, 351201 351201
847, 1 -1, 351202 351204
848, 34 95, 351205 351316
849, 36 97, 351317 351332
850, 38 99, 351333 351940
851, 48 109, 351941 351948
852, 50 111, 351949 351952
853, 34 95, 351953 351960
854, 36 97, 351961 352040
855, 36 97, 352041 352056
856, 36 97, 352057 352072
857, 48 109, 352073 352076
858, 40 101, 352077 352264
859, 36 97, 352265 352360
860, 40 101, 352361 352528
861, 38 99, 352529 352756
862, 36 97, 352757 352772
863, 42 103, 352773 353036
864, 40 101, 353037 353432
865, 32 93, 353433 353436
866, 1 -1, 353437 353437
867, 1 -1, 353438 353438
868, 38 99, 353439 353454
869, 38 99, 353455 353466
870, 40 101, 353467 353682
871, 42 103, 353683 353766
872, 38 99, 353767 353822
873, 1 -1, 353823 353824
874, 1 -1, 353825 353827
875, 38 99, 353828 353831
876, 1 -1, 353832 353832
877, 1 -1, 353833 353836
878, 1 -1, 353837 353837
879, 1 -1, 353838 353838
880, 1 -1, 353839 353839
881, 1 -1, 353840 353855
882, 1 -1, 353856 353856
883, 1 -1, 353857 353857
884, 1 -1, 353858 353862
885, 1 -1, 353863 353865
886, 1 -1, 353866 353880
887, 1 -1, 353881 353881
888, 1 -1, 353882 353882
889, 1 -1, 353883 353885
890, 1 -1, 353886 353886
891, 1 -1, 353887 353887
892, 1 -1, 353888 353888
893, 1 -1, 353889 353889
894, 1 -1, 353890 353890
895, 1 -1, 353891 353934
896, 1 -1, 353935 353937
897, 1 -1, 353938 353938
898, 1 -1, 353939 353939
899, 1 -1, 353940 353962
900, 1 -1, 353963 353965
901, 1 -1, 353966 353969
902, 1 -1, 353970 353970
903, 1 -1, 353971 353971
904, 1 -1, 353972 353976
905, 1 -1, 353977 353977
906, 1 -1, 353978 353978
907, 1 -1, 353979 353981
908, 1 -1, 353982 354000
909, 1 -1, 354001 354001
910, 1 -1, 354002 354002
911, 1 -1, 354003 354003
912, 1 -1, 354004 354005
913, 1 -1, 354006 354006
914, 1 -1, 354007 354016
915, 1 -1, 354017 354017
916, 1 -1, 354018 354026
917, 1 -1, 354027 354027
918, 1 -1, 354028 354029
919, 1 -1, 354030 354031
920, 1 -1, 354032 354033
921, 1 -1, 354034 354035
922, 1 -1, 354036 354036
923, 1 -1, 354037 354037
924, 1 -1, 354038 354038
925, 1 -1, 354039 354041
926, 1 -1, 354042 354042
927, 1 -1, 354043 354104
928, 1 -1, 354105 354110
929, 1 -1, 354111 354207
930, 1 -1, 354208 354607
931, 1 -1, 354608 354608
932, 1 -1, 354609 354609
933, 1 -1, 354610 354610
934, 1 -1, 354611 354622
935, 1 -1, 354623 354623
936, 1 -1, 354624 354630
937, 1 -1, 354631 354632
938, 1 -1, 354633 354633
939, 1 -1, 354634 354656
940, 1 -1, 354657 354659
941, 1 -1, 354660 354660
942, 1 -1, 354661 354662
943, 1 -1, 354663 354663
944, 1 -1, 354664 354670
945, 1 -1, 354671 354671
946, 1 -1, 354672 354672
947, 1 -1, 354673 354673
948, 1 -1, 354674 354692
949, 1 -1, 354693 354693
950, 1 -1, 354694 354695
951, 1 -1, 354696 354696
952, 1 -1, 354697 354736
953, 1 -1, 354737 354739
954, 1 -1, 354740 354740
955, 1 -1, 354741 354741
956, 1 -1, 354742 354763
957, 1 -1, 354764 354780
958, 1 -1, 354781 354882
959, 1 -1, 354883 354883
960, 1 -1, 354884 354884
961, 1 -1, 354885 354918
962, 1 -1, 354919 354924
963, 1 -1, 354925 354927
964, 1 -1, 354928 354980
965, 1 -1, 354981 354986
966, 1 -1, 354987 354988
967, 1 -1, 354989 355121
968, 1 -1, 355122 355122
969, 1 -1, 355123 355132
970, 1 -1, 355133 355134
971, 1 -1, 355135 355137
972, 1 -1, 355138 355149
973, 1 -1, 355150 355150
974, 1 -1, 355151 355152
975, 1 -1, 355153 355221
976, 1 -1, 355222 355225
977, 1 -1, 355226 355226
978, 1 -1, 355227 355255
979, 1 -1, 355256 355256
980, 1 -1, 355257 355269
981, 1 -1, 355270 355270
982, 1 -1, 355271 355291
983, 1 -1, 355292 355300
984, 1 -1, 355301 355301
985, 1 -1, 355302 355302
986, 1 -1, 355303 355311
987, 1 -1, 355312 355312
988, 1 -1, 355313 355314
989, 1 -1, 355315 355315
990, 1 -1, 355316 355316
991, 1 -1, 355317 355317
992, 1 -1, 355318 355318
993, 1 -1, 355319 355319
994, 1 -1, 355320 355320
995, 1 -1, 355321 355321
996, 1 -1, 355322 355322
997, 1 -1, 355323 355323
998, 1 -1, 355324 355325
999, 1 -1, 355326 355327
1000, 1 -1, 355328 355328
1001, 1 -1, 355329 355331
1002, 1 -1, 355332 355332
1003, 1 -1, 355333 355333
1004, 1 -1, 355334 355334
1005, 1 -1, 355335 355335
1006, 1 -1, 355336 355336
1007, 1 -1, 355337 355337
1008, 1 -1, 355338 355368
1009, 1 -1, 355369 355369
1010, 1 -1, 355370 355370
1011, 1 -1, 355371 355371
1012, 1 -1, 355372 355372
1013, 1 -1, 355373 355381
1014, 1 -1, 355382 355382
1015, 1 -1, 355383 355386
1016, 1 -1, 355387 355387
1017, 1 -1, 355388 355389
1018, 1 -1, 355390 355391
1019, 1 -1, 355392 355393
1020, 1 -1, 355394 355402
1021, 1 -1, 355403 355403
1022, 1 -1, 355404 355421
1023, 1 -1, 355422 355423
1024, 1 -1, 355424 355424
1025, 1 -1, 355425 355426
1026, 1 -1, 355427 355428
1027, 1 -1, 355429 355442
1028, 1 -1, 355443 355443
1029, 1 -1, 355444 355444
1030, 1 -1, 355445 355445
1031, 1 -1, 355446 355446
1032, 1 -1, 355447 355447
1033, 1 -1, 355448 355448
1034, 1 -1, 355449 355449
1035, 1 -1, 355450 355453
1036, 1 -1, 355454 355455
1037, 1 -1, 355456 355464
1038, 1 -1, 355465 355466
1039, 1 -1, 355467 355467
1040, 1 -1, 355468 355468
1041, 1 -1, 355469 355487
1042, 1 -1, 355488 355488
1043, 1 -1, 355489 355490
1044, 1 -1, 355491 355491
1045, 1 -1, 355492 355492
1046, 1 -1, 355493 355493
1047, 1 -1, 355494 355494
1048, 1 -1, 355495 355511
1049, 1 -1, 355512 355518
1050, 1 -1, 355519 355520
1051, 1 -1, 355521 355524
1052, 1 -1, 355525 355526
1053, 1 -1, 355527 355533
1054, 1 -1, 355534 355534
1055, 1 -1, 355535 355535
1056, 1 -1, 355536 355537
1057, 1 -1, 355538 355538
1058, 1 -1, 355539 355549
1059, 1 -1, 355550 355561
1060, 1 -1, 355562 355575
1061, 1 -1, 355576 355577
1062, 1 -1, 355578 355578
1063, 1 -1, 355579 355579
1064, 1 -1, 355580 355580
1065, 1 -1, 355581 355581
1066, 1 -1, 355582 355582
1067, 1 -1, 355583 355583
1068, 1 -1, 355584 355584
1069, 1 -1, 355585 355585
1070, 1 -1, 355586 355587
1071, 1 -1, 355588 355590
1072, 1 -1, 355591 355591
1073, 1 -1, 355592 355592
1074, 1 -1, 355593 355602
1075, 1 -1, 355603 355603
1076, 1 -1, 355604 355604
1077, 1 -1, 355605 355605
1078, 1 -1, 355606 355606
1079, 1 -1, 355607 355609
1080, 1 -1, 355610 355610
1081, 1 -1, 355611 355611
1082, 1 -1, 355612 355614
1083, 1 -1, 355615 355615
1084, 1 -1, 355616 355618
1085, 1 -1, 355619 355619
1086, 1 -1, 355620 355620
1087, 1 -1, 355621 355621
1088, 1 -1, 355622 355622
1089, 1 -1, 355623 355624
1090, 1 -1, 355625 355625
1091, 1 -1, 355626 355626
1092, 1 -1, 355627 355627
1093, 1 -1, 355628 355628
1094, 1 -1, 355629 355631
1095, 1 -1, 355632 355632
1096, 1 -1, 355633 355633
1097, 1 -1, 355634 355634
1098, 1 -1, 355635 355635
1099, 1 -1, 355636 355638
1100, 1 -1, 355639 355643
1101, 1 -1, 355644 355644
1102, 1 -1, 355645 355645
1103, 1 -1, 355646 355646
1104, 1 -1, 355647 355647
1105, 1 -1, 355648 355648
1106, 1 -1, 355649 355651
1107, 1 -1, 355652 355652
1108, 1 -1, 355653 355658
1109, 1 -1, 355659 355659
1110, 1 -1, 355660 355660
1111, 1 -1, 355661 355661
1112, 1 -1, 355662 355663
1113, 1 -1, 355664 355680
1114, 1 -1, 355681 355681
1115, 1 -1, 355682 355684
1116, 1 -1, 355685 355690
1117, 1 -1, 355691 355691
1118, 1 -1, 355692 355692
1119, 1 -1, 355693 355697
1120, 1 -1, 355698 355701
1121, 1 -1, 355702 355702
1122, 1 -1, 355703 355713
1123, 1 -1, 355714 355715
1124, 1 -1, 355716 355722
1125, 1 -1, 355723 355723
1126, 1 -1, 355724 355724
1127, 1 -1, 355725 355726
1128, 1 -1, 355727 355727
1129, 1 -1, 355728 355732
1130, 1 -1, 355733 355733
1131, 1 -1, 355734 355735
1132, 1 -1, 355736 355736
1133, 1 -1, 355737 355740
1134, 1 -1, 355741 355741
1135, 1 -1, 355742 355745
1136, 1 -1, 355746 355746
1137, 1 -1, 355747 355747
1138, 1 -1, 355748 355752
1139, 1 -1, 355753 355753
1140, 1 -1, 355754 355754
1141, 1 -1, 355755 355755
check point #11 - steromatch: 4.280s
check point #12 - refine: 2.690s
