time ./old.out Aloe/left.ppm Aloe/right.ppm 135 2 left_aloe.pgm right_aloe.pgm
average search range: 1.0000
average search range: 1.0000
intervals. number: 33 
11 23
11 24
11 29
8 9
8 9
8 19
11 18
12 18
12 19
12 22
11 32
11 32
11 35
24 30
26 31
26 35
21 37
21 37
21 39
53 54
53 54
41 44
46 47
46 47
46 47
53 54
53 53
53 54
53 54
53 54
53 54
53 54
53 54
average search range: 0.1401
average search range: 0.1374
intervals. number: 67 
20 47
20 49
20 49
20 49
20 49
20 49
20 49
20 49
20 49
20 39
20 37
20 37
20 33
23 35
23 37
23 37
23 37
23 39
23 46
23 49
23 69
23 65
23 65
23 70
23 70
23 70
42 63
52 61
52 63
52 65
51 70
51 71
52 75
52 75
52 75
52 77
52 77
52 78
83 83
83 83
83 83
83 83
83 85
83 86
83 86
83 83
83 83
92 97
96 97
96 97
96 97
105 107
105 107
106 107
106 107
106 107
106 107
106 107
106 107
106 107
106 107
106 107
106 107
105 107
105 107
105 107
105 107
average search range: 0.1298
average search range: 0.1282
check point #1 - all   : 6.030s
