0.000000
0.000000
0.000000
0.000000
0.000000
0.000000
0.000000
0.000000
0.000000
0.000000
0.000000
0.000000
0.000000
0.000000
0.000000
0.084400
0.055167
0.042246
0.069879
0.049455
0.055633
0.041544
0.032504
0.006921
0.002779
0.000000
0.000000
0.002041
0.004222
0.009662
0.031825
0.055787
0.070385
0.097259
0.091665
0.020160
0.025253
0.028388
0.035449
0.005843
0.021588
0.015209
0.018880
0.011336
0.008039
0.003135
0.003176
0.000169
0.000000
0.000000
0.000000
0.000000
0.000000
0.000000
0.000000
0.000000
0.000000
0.000000
0.000000
0.000000
0.000000
