0.24063 0.24063 0.04626 0.04626 0.01145 0.01145 0.00322 0.00322 0.00211 0.00211 0.00932 0.00932 0.00914 0.00914 0.00362 0.00362 0.00168 0.00168 0.00025 0.00025 0.00539 0.00539 0.01627 0.01627 0.00740 0.00740 0.01746 0.01746 0.00126 0.00126 0.00048 0.00048 0.00013 0.00013 0.00000 0.00000 0.00000 0.00000 0.00000 0.00000 0.00000 0.00000 0.00000 0.00000 0.00110 0.00110 0.00016 0.00016 0.00003 0.00003 0.00000 0.00000 0.00000 0.00000 0.00000 0.00000 0.00000 0.00000 0.00000 0.00000 0.00000 0.00000 0.00000 0.00000 0.00000 0.00000 0.00000 0.00000 0.00000 0.00000 0.00000 0.00000 
0.10621 0.10621 0.24063 0.24063 0.04626 0.04626 0.01145 0.01145 0.00322 0.00322 0.00211 0.00211 0.00932 0.00932 0.00914 0.00914 0.00362 0.00362 0.00168 0.00168 0.00025 0.00025 0.00539 0.00539 0.01627 0.01627 0.00740 0.00740 0.01746 0.01746 0.00126 0.00126 0.00048 0.00048 0.00013 0.00013 0.00000 0.00000 0.00000 0.00000 0.00000 0.00000 0.00000 0.00000 0.00000 0.00000 0.00110 0.00110 0.00016 0.00016 0.00003 0.00003 0.00000 0.00000 0.00000 0.00000 0.00000 0.00000 0.00000 0.00000 0.00000 0.00000 0.00000 0.00000 0.00000 0.00000 0.00000 0.00000 0.00000 0.00000 0.00000 0.00000 
0.00850 0.00850 0.10621 0.10621 0.24063 0.24063 0.04626 0.04626 0.01145 0.01145 0.00322 0.00322 0.00211 0.00211 0.00932 0.00932 0.00914 0.00914 0.00362 0.00362 0.00168 0.00168 0.00025 0.00025 0.00539 0.00539 0.01627 0.01627 0.00740 0.00740 0.01746 0.01746 0.00126 0.00126 0.00048 0.00048 0.00013 0.00013 0.00000 0.00000 0.00000 0.00000 0.00000 0.00000 0.00000 0.00000 0.00000 0.00000 0.00110 0.00110 0.00016 0.00016 0.00003 0.00003 0.00000 0.00000 0.00000 0.00000 0.00000 0.00000 0.00000 0.00000 0.00000 0.00000 0.00000 0.00000 0.00000 0.00000 0.00000 0.00000 0.00000 0.00000 
0.00957 0.00957 0.00850 0.00850 0.10621 0.10621 0.24063 0.24063 0.04626 0.04626 0.01145 0.01145 0.00322 0.00322 0.00211 0.00211 0.00932 0.00932 0.00914 0.00914 0.00362 0.00362 0.00168 0.00168 0.00025 0.00025 0.00539 0.00539 0.01627 0.01627 0.00740 0.00740 0.01746 0.01746 0.00126 0.00126 0.00048 0.00048 0.00013 0.00013 0.00000 0.00000 0.00000 0.00000 0.00000 0.00000 0.00000 0.00000 0.00000 0.00000 0.00110 0.00110 0.00016 0.00016 0.00003 0.00003 0.00000 0.00000 0.00000 0.00000 0.00000 0.00000 0.00000 0.00000 0.00000 0.00000 0.00000 0.00000 0.00000 0.00000 0.00000 0.00000 
0.01684 0.01684 0.00957 0.00957 0.00850 0.00850 0.10621 0.10621 0.24063 0.24063 0.04626 0.04626 0.01145 0.01145 0.00322 0.00322 0.00211 0.00211 0.00932 0.00932 0.00914 0.00914 0.00362 0.00362 0.00168 0.00168 0.00025 0.00025 0.00539 0.00539 0.01627 0.01627 0.00740 0.00740 0.01746 0.01746 0.00126 0.00126 0.00048 0.00048 0.00013 0.00013 0.00000 0.00000 0.00000 0.00000 0.00000 0.00000 0.00000 0.00000 0.00000 0.00000 0.00110 0.00110 0.00016 0.00016 0.00003 0.00003 0.00000 0.00000 0.00000 0.00000 0.00000 0.00000 0.00000 0.00000 0.00000 0.00000 0.00000 0.00000 0.00000 0.00000 
0.00654 0.00654 0.01684 0.01684 0.00957 0.00957 0.00850 0.00850 0.10621 0.10621 0.24063 0.24063 0.04626 0.04626 0.01145 0.01145 0.00322 0.00322 0.00211 0.00211 0.00932 0.00932 0.00914 0.00914 0.00362 0.00362 0.00168 0.00168 0.00025 0.00025 0.00539 0.00539 0.01627 0.01627 0.00740 0.00740 0.01746 0.01746 0.00126 0.00126 0.00048 0.00048 0.00013 0.00013 0.00000 0.00000 0.00000 0.00000 0.00000 0.00000 0.00000 0.00000 0.00000 0.00000 0.00110 0.00110 0.00016 0.00016 0.00003 0.00003 0.00000 0.00000 0.00000 0.00000 0.00000 0.00000 0.00000 0.00000 0.00000 0.00000 0.00000 0.00000 
0.00096 0.00096 0.00654 0.00654 0.01684 0.01684 0.00957 0.00957 0.00850 0.00850 0.10621 0.10621 0.24063 0.24063 0.04626 0.04626 0.01145 0.01145 0.00322 0.00322 0.00211 0.00211 0.00932 0.00932 0.00914 0.00914 0.00362 0.00362 0.00168 0.00168 0.00025 0.00025 0.00539 0.00539 0.01627 0.01627 0.00740 0.00740 0.01746 0.01746 0.00126 0.00126 0.00048 0.00048 0.00013 0.00013 0.00000 0.00000 0.00000 0.00000 0.00000 0.00000 0.00000 0.00000 0.00000 0.00000 0.00110 0.00110 0.00016 0.00016 0.00003 0.00003 0.00000 0.00000 0.00000 0.00000 0.00000 0.00000 0.00000 0.00000 0.00000 0.00000 
0.00276 0.00276 0.00096 0.00096 0.00654 0.00654 0.01684 0.01684 0.00957 0.00957 0.00850 0.00850 0.10621 0.10621 0.24063 0.24063 0.04626 0.04626 0.01145 0.01145 0.00322 0.00322 0.00211 0.00211 0.00932 0.00932 0.00914 0.00914 0.00362 0.00362 0.00168 0.00168 0.00025 0.00025 0.00539 0.00539 0.01627 0.01627 0.00740 0.00740 0.01746 0.01746 0.00126 0.00126 0.00048 0.00048 0.00013 0.00013 0.00000 0.00000 0.00000 0.00000 0.00000 0.00000 0.00000 0.00000 0.00000 0.00000 0.00110 0.00110 0.00016 0.00016 0.00003 0.00003 0.00000 0.00000 0.00000 0.00000 0.00000 0.00000 0.00000 0.00000 
0.00428 0.00428 0.00276 0.00276 0.00096 0.00096 0.00654 0.00654 0.01684 0.01684 0.00957 0.00957 0.00850 0.00850 0.10621 0.10621 0.24063 0.24063 0.04626 0.04626 0.01145 0.01145 0.00322 0.00322 0.00211 0.00211 0.00932 0.00932 0.00914 0.00914 0.00362 0.00362 0.00168 0.00168 0.00025 0.00025 0.00539 0.00539 0.01627 0.01627 0.00740 0.00740 0.01746 0.01746 0.00126 0.00126 0.00048 0.00048 0.00013 0.00013 0.00000 0.00000 0.00000 0.00000 0.00000 0.00000 0.00000 0.00000 0.00000 0.00000 0.00110 0.00110 0.00016 0.00016 0.00003 0.00003 0.00000 0.00000 0.00000 0.00000 0.00000 0.00000 
0.00337 0.00337 0.00428 0.00428 0.00276 0.00276 0.00096 0.00096 0.00654 0.00654 0.01684 0.01684 0.00957 0.00957 0.00850 0.00850 0.10621 0.10621 0.24063 0.24063 0.04626 0.04626 0.01145 0.01145 0.00322 0.00322 0.00211 0.00211 0.00932 0.00932 0.00914 0.00914 0.00362 0.00362 0.00168 0.00168 0.00025 0.00025 0.00539 0.00539 0.01627 0.01627 0.00740 0.00740 0.01746 0.01746 0.00126 0.00126 0.00048 0.00048 0.00013 0.00013 0.00000 0.00000 0.00000 0.00000 0.00000 0.00000 0.00000 0.00000 0.00000 0.00000 0.00110 0.00110 0.00016 0.00016 0.00003 0.00003 0.00000 0.00000 0.00000 0.00000 
0.00537 0.00537 0.00337 0.00337 0.00428 0.00428 0.00276 0.00276 0.00096 0.00096 0.00654 0.00654 0.01684 0.01684 0.00957 0.00957 0.00850 0.00850 0.10621 0.10621 0.24063 0.24063 0.04626 0.04626 0.01145 0.01145 0.00322 0.00322 0.00211 0.00211 0.00932 0.00932 0.00914 0.00914 0.00362 0.00362 0.00168 0.00168 0.00025 0.00025 0.00539 0.00539 0.01627 0.01627 0.00740 0.00740 0.01746 0.01746 0.00126 0.00126 0.00048 0.00048 0.00013 0.00013 0.00000 0.00000 0.00000 0.00000 0.00000 0.00000 0.00000 0.00000 0.00000 0.00000 0.00110 0.00110 0.00016 0.00016 0.00003 0.00003 0.00000 0.00000 
0.00577 0.00577 0.00537 0.00537 0.00337 0.00337 0.00428 0.00428 0.00276 0.00276 0.00096 0.00096 0.00654 0.00654 0.01684 0.01684 0.00957 0.00957 0.00850 0.00850 0.10621 0.10621 0.24063 0.24063 0.04626 0.04626 0.01145 0.01145 0.00322 0.00322 0.00211 0.00211 0.00932 0.00932 0.00914 0.00914 0.00362 0.00362 0.00168 0.00168 0.00025 0.00025 0.00539 0.00539 0.01627 0.01627 0.00740 0.00740 0.01746 0.01746 0.00126 0.00126 0.00048 0.00048 0.00013 0.00013 0.00000 0.00000 0.00000 0.00000 0.00000 0.00000 0.00000 0.00000 0.00000 0.00000 0.00110 0.00110 0.00016 0.00016 0.00003 0.00003 
0.00099 0.00099 0.00577 0.00577 0.00537 0.00537 0.00337 0.00337 0.00428 0.00428 0.00276 0.00276 0.00096 0.00096 0.00654 0.00654 0.01684 0.01684 0.00957 0.00957 0.00850 0.00850 0.10621 0.10621 0.24063 0.24063 0.04626 0.04626 0.01145 0.01145 0.00322 0.00322 0.00211 0.00211 0.00932 0.00932 0.00914 0.00914 0.00362 0.00362 0.00168 0.00168 0.00025 0.00025 0.00539 0.00539 0.01627 0.01627 0.00740 0.00740 0.01746 0.01746 0.00126 0.00126 0.00048 0.00048 0.00013 0.00013 0.00000 0.00000 0.00000 0.00000 0.00000 0.00000 0.00000 0.00000 0.00000 0.00000 0.00110 0.00110 0.00016 0.00016 
0.00098 0.00098 0.00099 0.00099 0.00577 0.00577 0.00537 0.00537 0.00337 0.00337 0.00428 0.00428 0.00276 0.00276 0.00096 0.00096 0.00654 0.00654 0.01684 0.01684 0.00957 0.00957 0.00850 0.00850 0.10621 0.10621 0.24063 0.24063 0.04626 0.04626 0.01145 0.01145 0.00322 0.00322 0.00211 0.00211 0.00932 0.00932 0.00914 0.00914 0.00362 0.00362 0.00168 0.00168 0.00025 0.00025 0.00539 0.00539 0.01627 0.01627 0.00740 0.00740 0.01746 0.01746 0.00126 0.00126 0.00048 0.00048 0.00013 0.00013 0.00000 0.00000 0.00000 0.00000 0.00000 0.00000 0.00000 0.00000 0.00000 0.00000 0.00110 0.00110 
0.00007 0.00007 0.00098 0.00098 0.00099 0.00099 0.00577 0.00577 0.00537 0.00537 0.00337 0.00337 0.00428 0.00428 0.00276 0.00276 0.00096 0.00096 0.00654 0.00654 0.01684 0.01684 0.00957 0.00957 0.00850 0.00850 0.10621 0.10621 0.24063 0.24063 0.04626 0.04626 0.01145 0.01145 0.00322 0.00322 0.00211 0.00211 0.00932 0.00932 0.00914 0.00914 0.00362 0.00362 0.00168 0.00168 0.00025 0.00025 0.00539 0.00539 0.01627 0.01627 0.00740 0.00740 0.01746 0.01746 0.00126 0.00126 0.00048 0.00048 0.00013 0.00013 0.00000 0.00000 0.00000 0.00000 0.00000 0.00000 0.00000 0.00000 0.00000 0.00000 
0.00036 0.00036 0.00007 0.00007 0.00098 0.00098 0.00099 0.00099 0.00577 0.00577 0.00537 0.00537 0.00337 0.00337 0.00428 0.00428 0.00276 0.00276 0.00096 0.00096 0.00654 0.00654 0.01684 0.01684 0.00957 0.00957 0.00850 0.00850 0.10621 0.10621 0.24063 0.24063 0.04626 0.04626 0.01145 0.01145 0.00322 0.00322 0.00211 0.00211 0.00932 0.00932 0.00914 0.00914 0.00362 0.00362 0.00168 0.00168 0.00025 0.00025 0.00539 0.00539 0.01627 0.01627 0.00740 0.00740 0.01746 0.01746 0.00126 0.00126 0.00048 0.00048 0.00013 0.00013 0.00000 0.00000 0.00000 0.00000 0.00000 0.00000 0.00000 0.00000 
0.00470 0.00470 0.00036 0.00036 0.00007 0.00007 0.00098 0.00098 0.00099 0.00099 0.00577 0.00577 0.00537 0.00537 0.00337 0.00337 0.00428 0.00428 0.00276 0.00276 0.00096 0.00096 0.00654 0.00654 0.01684 0.01684 0.00957 0.00957 0.00850 0.00850 0.10621 0.10621 0.24063 0.24063 0.04626 0.04626 0.01145 0.01145 0.00322 0.00322 0.00211 0.00211 0.00932 0.00932 0.00914 0.00914 0.00362 0.00362 0.00168 0.00168 0.00025 0.00025 0.00539 0.00539 0.01627 0.01627 0.00740 0.00740 0.01746 0.01746 0.00126 0.00126 0.00048 0.00048 0.00013 0.00013 0.00000 0.00000 0.00000 0.00000 0.00000 0.00000 
0.00074 0.00074 0.00470 0.00470 0.00036 0.00036 0.00007 0.00007 0.00098 0.00098 0.00099 0.00099 0.00577 0.00577 0.00537 0.00537 0.00337 0.00337 0.00428 0.00428 0.00276 0.00276 0.00096 0.00096 0.00654 0.00654 0.01684 0.01684 0.00957 0.00957 0.00850 0.00850 0.10621 0.10621 0.24063 0.24063 0.04626 0.04626 0.01145 0.01145 0.00322 0.00322 0.00211 0.00211 0.00932 0.00932 0.00914 0.00914 0.00362 0.00362 0.00168 0.00168 0.00025 0.00025 0.00539 0.00539 0.01627 0.01627 0.00740 0.00740 0.01746 0.01746 0.00126 0.00126 0.00048 0.00048 0.00013 0.00013 0.00000 0.00000 0.00000 0.00000 
0.00000 0.00000 0.00074 0.00074 0.00470 0.00470 0.00036 0.00036 0.00007 0.00007 0.00098 0.00098 0.00099 0.00099 0.00577 0.00577 0.00537 0.00537 0.00337 0.00337 0.00428 0.00428 0.00276 0.00276 0.00096 0.00096 0.00654 0.00654 0.01684 0.01684 0.00957 0.00957 0.00850 0.00850 0.10621 0.10621 0.24063 0.24063 0.04626 0.04626 0.01145 0.01145 0.00322 0.00322 0.00211 0.00211 0.00932 0.00932 0.00914 0.00914 0.00362 0.00362 0.00168 0.00168 0.00025 0.00025 0.00539 0.00539 0.01627 0.01627 0.00740 0.00740 0.01746 0.01746 0.00126 0.00126 0.00048 0.00048 0.00013 0.00013 0.00000 0.00000 
0.00000 0.00000 0.00000 0.00000 0.00074 0.00074 0.00470 0.00470 0.00036 0.00036 0.00007 0.00007 0.00098 0.00098 0.00099 0.00099 0.00577 0.00577 0.00537 0.00537 0.00337 0.00337 0.00428 0.00428 0.00276 0.00276 0.00096 0.00096 0.00654 0.00654 0.01684 0.01684 0.00957 0.00957 0.00850 0.00850 0.10621 0.10621 0.24063 0.24063 0.04626 0.04626 0.01145 0.01145 0.00322 0.00322 0.00211 0.00211 0.00932 0.00932 0.00914 0.00914 0.00362 0.00362 0.00168 0.00168 0.00025 0.00025 0.00539 0.00539 0.01627 0.01627 0.00740 0.00740 0.01746 0.01746 0.00126 0.00126 0.00048 0.00048 0.00013 0.00013 
0.00000 0.00000 0.00000 0.00000 0.00000 0.00000 0.00074 0.00074 0.00470 0.00470 0.00036 0.00036 0.00007 0.00007 0.00098 0.00098 0.00099 0.00099 0.00577 0.00577 0.00537 0.00537 0.00337 0.00337 0.00428 0.00428 0.00276 0.00276 0.00096 0.00096 0.00654 0.00654 0.01684 0.01684 0.00957 0.00957 0.00850 0.00850 0.10621 0.10621 0.24063 0.24063 0.04626 0.04626 0.01145 0.01145 0.00322 0.00322 0.00211 0.00211 0.00932 0.00932 0.00914 0.00914 0.00362 0.00362 0.00168 0.00168 0.00025 0.00025 0.00539 0.00539 0.01627 0.01627 0.00740 0.00740 0.01746 0.01746 0.00126 0.00126 0.00048 0.00048 
0.00000 0.00000 0.00000 0.00000 0.00000 0.00000 0.00000 0.00000 0.00074 0.00074 0.00470 0.00470 0.00036 0.00036 0.00007 0.00007 0.00098 0.00098 0.00099 0.00099 0.00577 0.00577 0.00537 0.00537 0.00337 0.00337 0.00428 0.00428 0.00276 0.00276 0.00096 0.00096 0.00654 0.00654 0.01684 0.01684 0.00957 0.00957 0.00850 0.00850 0.10621 0.10621 0.24063 0.24063 0.04626 0.04626 0.01145 0.01145 0.00322 0.00322 0.00211 0.00211 0.00932 0.00932 0.00914 0.00914 0.00362 0.00362 0.00168 0.00168 0.00025 0.00025 0.00539 0.00539 0.01627 0.01627 0.00740 0.00740 0.01746 0.01746 0.00126 0.00126 
0.00005 0.00005 0.00000 0.00000 0.00000 0.00000 0.00000 0.00000 0.00000 0.00000 0.00074 0.00074 0.00470 0.00470 0.00036 0.00036 0.00007 0.00007 0.00098 0.00098 0.00099 0.00099 0.00577 0.00577 0.00537 0.00537 0.00337 0.00337 0.00428 0.00428 0.00276 0.00276 0.00096 0.00096 0.00654 0.00654 0.01684 0.01684 0.00957 0.00957 0.00850 0.00850 0.10621 0.10621 0.24063 0.24063 0.04626 0.04626 0.01145 0.01145 0.00322 0.00322 0.00211 0.00211 0.00932 0.00932 0.00914 0.00914 0.00362 0.00362 0.00168 0.00168 0.00025 0.00025 0.00539 0.00539 0.01627 0.01627 0.00740 0.00740 0.01746 0.01746 
0.00012 0.00012 0.00005 0.00005 0.00000 0.00000 0.00000 0.00000 0.00000 0.00000 0.00000 0.00000 0.00074 0.00074 0.00470 0.00470 0.00036 0.00036 0.00007 0.00007 0.00098 0.00098 0.00099 0.00099 0.00577 0.00577 0.00537 0.00537 0.00337 0.00337 0.00428 0.00428 0.00276 0.00276 0.00096 0.00096 0.00654 0.00654 0.01684 0.01684 0.00957 0.00957 0.00850 0.00850 0.10621 0.10621 0.24063 0.24063 0.04626 0.04626 0.01145 0.01145 0.00322 0.00322 0.00211 0.00211 0.00932 0.00932 0.00914 0.00914 0.00362 0.00362 0.00168 0.00168 0.00025 0.00025 0.00539 0.00539 0.01627 0.01627 0.00740 0.00740 
0.00000 0.00000 0.00012 0.00012 0.00005 0.00005 0.00000 0.00000 0.00000 0.00000 0.00000 0.00000 0.00000 0.00000 0.00074 0.00074 0.00470 0.00470 0.00036 0.00036 0.00007 0.00007 0.00098 0.00098 0.00099 0.00099 0.00577 0.00577 0.00537 0.00537 0.00337 0.00337 0.00428 0.00428 0.00276 0.00276 0.00096 0.00096 0.00654 0.00654 0.01684 0.01684 0.00957 0.00957 0.00850 0.00850 0.10621 0.10621 0.24063 0.24063 0.04626 0.04626 0.01145 0.01145 0.00322 0.00322 0.00211 0.00211 0.00932 0.00932 0.00914 0.00914 0.00362 0.00362 0.00168 0.00168 0.00025 0.00025 0.00539 0.00539 0.01627 0.01627 
0.00000 0.00000 0.00000 0.00000 0.00012 0.00012 0.00005 0.00005 0.00000 0.00000 0.00000 0.00000 0.00000 0.00000 0.00000 0.00000 0.00074 0.00074 0.00470 0.00470 0.00036 0.00036 0.00007 0.00007 0.00098 0.00098 0.00099 0.00099 0.00577 0.00577 0.00537 0.00537 0.00337 0.00337 0.00428 0.00428 0.00276 0.00276 0.00096 0.00096 0.00654 0.00654 0.01684 0.01684 0.00957 0.00957 0.00850 0.00850 0.10621 0.10621 0.24063 0.24063 0.04626 0.04626 0.01145 0.01145 0.00322 0.00322 0.00211 0.00211 0.00932 0.00932 0.00914 0.00914 0.00362 0.00362 0.00168 0.00168 0.00025 0.00025 0.00539 0.00539 
0.00000 0.00000 0.00000 0.00000 0.00000 0.00000 0.00012 0.00012 0.00005 0.00005 0.00000 0.00000 0.00000 0.00000 0.00000 0.00000 0.00000 0.00000 0.00074 0.00074 0.00470 0.00470 0.00036 0.00036 0.00007 0.00007 0.00098 0.00098 0.00099 0.00099 0.00577 0.00577 0.00537 0.00537 0.00337 0.00337 0.00428 0.00428 0.00276 0.00276 0.00096 0.00096 0.00654 0.00654 0.01684 0.01684 0.00957 0.00957 0.00850 0.00850 0.10621 0.10621 0.24063 0.24063 0.04626 0.04626 0.01145 0.01145 0.00322 0.00322 0.00211 0.00211 0.00932 0.00932 0.00914 0.00914 0.00362 0.00362 0.00168 0.00168 0.00025 0.00025 
0.00000 0.00000 0.00000 0.00000 0.00000 0.00000 0.00000 0.00000 0.00012 0.00012 0.00005 0.00005 0.00000 0.00000 0.00000 0.00000 0.00000 0.00000 0.00000 0.00000 0.00074 0.00074 0.00470 0.00470 0.00036 0.00036 0.00007 0.00007 0.00098 0.00098 0.00099 0.00099 0.00577 0.00577 0.00537 0.00537 0.00337 0.00337 0.00428 0.00428 0.00276 0.00276 0.00096 0.00096 0.00654 0.00654 0.01684 0.01684 0.00957 0.00957 0.00850 0.00850 0.10621 0.10621 0.24063 0.24063 0.04626 0.04626 0.01145 0.01145 0.00322 0.00322 0.00211 0.00211 0.00932 0.00932 0.00914 0.00914 0.00362 0.00362 0.00168 0.00168 
0.00000 0.00000 0.00000 0.00000 0.00000 0.00000 0.00000 0.00000 0.00000 0.00000 0.00012 0.00012 0.00005 0.00005 0.00000 0.00000 0.00000 0.00000 0.00000 0.00000 0.00000 0.00000 0.00074 0.00074 0.00470 0.00470 0.00036 0.00036 0.00007 0.00007 0.00098 0.00098 0.00099 0.00099 0.00577 0.00577 0.00537 0.00537 0.00337 0.00337 0.00428 0.00428 0.00276 0.00276 0.00096 0.00096 0.00654 0.00654 0.01684 0.01684 0.00957 0.00957 0.00850 0.00850 0.10621 0.10621 0.24063 0.24063 0.04626 0.04626 0.01145 0.01145 0.00322 0.00322 0.00211 0.00211 0.00932 0.00932 0.00914 0.00914 0.00362 0.00362 
0.00000 0.00000 0.00000 0.00000 0.00000 0.00000 0.00000 0.00000 0.00000 0.00000 0.00000 0.00000 0.00012 0.00012 0.00005 0.00005 0.00000 0.00000 0.00000 0.00000 0.00000 0.00000 0.00000 0.00000 0.00074 0.00074 0.00470 0.00470 0.00036 0.00036 0.00007 0.00007 0.00098 0.00098 0.00099 0.00099 0.00577 0.00577 0.00537 0.00537 0.00337 0.00337 0.00428 0.00428 0.00276 0.00276 0.00096 0.00096 0.00654 0.00654 0.01684 0.01684 0.00957 0.00957 0.00850 0.00850 0.10621 0.10621 0.24063 0.24063 0.04626 0.04626 0.01145 0.01145 0.00322 0.00322 0.00211 0.00211 0.00932 0.00932 0.00914 0.00914 
0.00000 0.00000 0.00000 0.00000 0.00000 0.00000 0.00000 0.00000 0.00000 0.00000 0.00000 0.00000 0.00000 0.00000 0.00012 0.00012 0.00005 0.00005 0.00000 0.00000 0.00000 0.00000 0.00000 0.00000 0.00000 0.00000 0.00074 0.00074 0.00470 0.00470 0.00036 0.00036 0.00007 0.00007 0.00098 0.00098 0.00099 0.00099 0.00577 0.00577 0.00537 0.00537 0.00337 0.00337 0.00428 0.00428 0.00276 0.00276 0.00096 0.00096 0.00654 0.00654 0.01684 0.01684 0.00957 0.00957 0.00850 0.00850 0.10621 0.10621 0.24063 0.24063 0.04626 0.04626 0.01145 0.01145 0.00322 0.00322 0.00211 0.00211 0.00932 0.00932 
0.00000 0.00000 0.00000 0.00000 0.00000 0.00000 0.00000 0.00000 0.00000 0.00000 0.00000 0.00000 0.00000 0.00000 0.00000 0.00000 0.00012 0.00012 0.00005 0.00005 0.00000 0.00000 0.00000 0.00000 0.00000 0.00000 0.00000 0.00000 0.00074 0.00074 0.00470 0.00470 0.00036 0.00036 0.00007 0.00007 0.00098 0.00098 0.00099 0.00099 0.00577 0.00577 0.00537 0.00537 0.00337 0.00337 0.00428 0.00428 0.00276 0.00276 0.00096 0.00096 0.00654 0.00654 0.01684 0.01684 0.00957 0.00957 0.00850 0.00850 0.10621 0.10621 0.24063 0.24063 0.04626 0.04626 0.01145 0.01145 0.00322 0.00322 0.00211 0.00211 
0.00000 0.00000 0.00000 0.00000 0.00000 0.00000 0.00000 0.00000 0.00000 0.00000 0.00000 0.00000 0.00000 0.00000 0.00000 0.00000 0.00000 0.00000 0.00012 0.00012 0.00005 0.00005 0.00000 0.00000 0.00000 0.00000 0.00000 0.00000 0.00000 0.00000 0.00074 0.00074 0.00470 0.00470 0.00036 0.00036 0.00007 0.00007 0.00098 0.00098 0.00099 0.00099 0.00577 0.00577 0.00537 0.00537 0.00337 0.00337 0.00428 0.00428 0.00276 0.00276 0.00096 0.00096 0.00654 0.00654 0.01684 0.01684 0.00957 0.00957 0.00850 0.00850 0.10621 0.10621 0.24063 0.24063 0.04626 0.04626 0.01145 0.01145 0.00322 0.00322 
0.00000 0.00000 0.00000 0.00000 0.00000 0.00000 0.00000 0.00000 0.00000 0.00000 0.00000 0.00000 0.00000 0.00000 0.00000 0.00000 0.00000 0.00000 0.00000 0.00000 0.00012 0.00012 0.00005 0.00005 0.00000 0.00000 0.00000 0.00000 0.00000 0.00000 0.00000 0.00000 0.00074 0.00074 0.00470 0.00470 0.00036 0.00036 0.00007 0.00007 0.00098 0.00098 0.00099 0.00099 0.00577 0.00577 0.00537 0.00537 0.00337 0.00337 0.00428 0.00428 0.00276 0.00276 0.00096 0.00096 0.00654 0.00654 0.01684 0.01684 0.00957 0.00957 0.00850 0.00850 0.10621 0.10621 0.24063 0.24063 0.04626 0.04626 0.01145 0.01145 
0.00000 0.00000 0.00000 0.00000 0.00000 0.00000 0.00000 0.00000 0.00000 0.00000 0.00000 0.00000 0.00000 0.00000 0.00000 0.00000 0.00000 0.00000 0.00000 0.00000 0.00000 0.00000 0.00012 0.00012 0.00005 0.00005 0.00000 0.00000 0.00000 0.00000 0.00000 0.00000 0.00000 0.00000 0.00074 0.00074 0.00470 0.00470 0.00036 0.00036 0.00007 0.00007 0.00098 0.00098 0.00099 0.00099 0.00577 0.00577 0.00537 0.00537 0.00337 0.00337 0.00428 0.00428 0.00276 0.00276 0.00096 0.00096 0.00654 0.00654 0.01684 0.01684 0.00957 0.00957 0.00850 0.00850 0.10621 0.10621 0.24063 0.24063 0.04626 0.04626 
0.00000 0.00000 0.00000 0.00000 0.00000 0.00000 0.00000 0.00000 0.00000 0.00000 0.00000 0.00000 0.00000 0.00000 0.00000 0.00000 0.00000 0.00000 0.00000 0.00000 0.00000 0.00000 0.00000 0.00000 0.00012 0.00012 0.00005 0.00005 0.00000 0.00000 0.00000 0.00000 0.00000 0.00000 0.00000 0.00000 0.00074 0.00074 0.00470 0.00470 0.00036 0.00036 0.00007 0.00007 0.00098 0.00098 0.00099 0.00099 0.00577 0.00577 0.00537 0.00537 0.00337 0.00337 0.00428 0.00428 0.00276 0.00276 0.00096 0.00096 0.00654 0.00654 0.01684 0.01684 0.00957 0.00957 0.00850 0.00850 0.10621 0.10621 0.24063 0.24063 
