5382 0 4 0 157 0 0 0 0 0 0 0 0 0 0 0 0 80 0 0 61 256 0 0 36 0 0 0 0 0 0 0 0 0 0 0 0 0 0 0 
3238 0 1266 2457 5420 0 0 0 0 0 0 0 0 14 0 1 126 762 4 0 0 0 0 0 0 0 0 0 0 0 0 0 0 0 0 0 0 0 0 0 
4 0 0 16 926 0 0 0 0 0 0 0 0 0 0 0 4 10 0 0 0 0 0 0 0 0 0 0 0 0 0 0 0 0 0 0 0 0 0 0 
86 0 0 0 118 0 0 0 0 0 0 0 0 0 0 0 0 102 22 0 2 0 0 0 52 0 2 0 0 0 0 0 0 0 0 0 0 0 0 0 
8 0 1 0 16 0 0 0 0 0 0 0 0 0 0 0 0 16 0 0 21 25 0 0 1 0 0 0 0 0 0 0 0 0 0 0 0 0 0 0 
89 0 0 0 1 0 0 0 0 0 4 0 0 0 106 71 0 12 64 4 15 10 0 0 8 0 0 0 0 0 0 0 0 0 0 0 0 0 0 0 
26 0 0 0 0 0 0 0 0 0 137 0 0 0 0 25 1 8 28 96 83 2 0 2 0 0 0 0 0 0 0 0 0 0 0 0 0 0 0 0 
8 0 0 0 3 0 0 0 0 0 13 0 0 564 6588 3250 1580 48 1030 82 61 47 1 8 0 4 0 0 28 0 0 0 0 0 5 26 0 46 0 0 
1564 0 14 42 2394 8 0 0 0 0 27 0 19 80 1423 3642 9864 5154 771 60 36 61 0 21 0 0 0 0 0 0 0 0 0 0 28 60 0 11 25 0 
1451 0 36 46 378 18 0 0 0 0 204 0 0 36 1300 261 1750 3488 2530 443 155 45 2 0 0 0 1 0 14 0 0 0 0 0 0 41 21 36 0 0 
15 0 0 0 199 0 0 0 0 0 14 0 0 0 124 3 58 32 86 536 612 216 120 4 46 5 81 1 0 0 0 0 0 0 0 0 0 0 0 0 
18 0 0 0 25 0 0 0 0 0 0 0 0 0 12 0 0 0 23 116 152 225 375 15 339 65 373 6 0 0 0 0 0 0 0 0 0 0 0 0 
0 0 0 0 4 0 0 0 0 0 0 0 0 0 18 6 0 0 25 182 45 88 90 211 615 206 354 20 0 0 0 0 0 0 0 0 0 0 0 0 
0 0 0 0 0 0 0 0 0 0 26 0 0 0 7 35 24 0 51 43 31 96 123 155 393 314 865 0 10 0 0 0 0 0 8 7 0 20 0 0 
0 0 0 0 0 0 0 0 0 0 0 0 0 0 0 0 0 0 4 0 0 0 0 0 0 0 0 0 0 0 0 0 0 0 0 0 0 4 0 0 
0 0 0 0 0 0 0 0 0 0 0 0 0 0 0 5 0 0 39 12 0 0 0 0 0 0 0 0 4 0 0 0 0 0 4 8 0 0 0 0 
0 0 4 0 8 0 0 0 0 0 0 0 0 0 0 0 0 4 0 0 0 0 0 0 0 0 0 0 0 0 0 0 0 0 0 0 0 0 0 0 
0 0 0 0 0 0 0 0 0 0 0 0 0 0 0 0 0 0 111 48 1 0 0 0 0 0 3 0 4 0 0 0 0 0 8 66 15 0 0 0 
0 0 0 0 0 0 0 0 0 0 0 0 0 0 0 0 4 4 105 0 0 0 0 0 0 0 0 0 0 0 0 0 0 0 0 0 0 74 13 0 
0 0 0 0 0 0 0 0 0 0 0 0 0 0 0 0 0 0 0 0 0 0 0 0 0 0 0 0 0 0 0 0 0 0 0 0 0 0 0 0 
