707 39 202 0 0 0 0 0 0 0 0 0 43 940 1171 993 841 0 37 12 654 0 0 0 0 0 0 0 0 0 31 0 0 250 0 0 
1 0 0 0 0 0 0 0 0 0 0 0 2 8 37 0 0 0 0 0 0 0 0 0 0 0 0 0 0 0 0 0 0 0 0 0 
0 0 0 0 0 0 0 0 0 0 0 0 0 0 0 0 0 0 0 0 0 0 0 0 0 0 0 0 0 0 0 0 0 0 0 0 
39 0 0 0 0 0 0 0 0 0 0 0 89 0 26 0 0 0 0 0 0 0 0 0 0 0 0 0 0 0 42 0 0 76 0 0 
0 0 0 0 0 0 0 0 0 0 0 0 0 0 0 19 13 0 0 0 32 0 0 0 0 0 32 0 0 0 0 0 0 0 0 0 
0 0 0 0 0 0 0 0 0 0 0 0 126 0 0 0 0 0 0 0 0 0 0 0 0 0 0 0 0 0 0 0 7 187 0 0 
3 0 0 0 0 0 0 0 0 0 0 0 76 389 149 11 0 0 0 0 0 0 0 0 0 0 20 0 0 0 120 0 41 119 0 0 
6 0 0 0 0 0 0 0 0 0 0 0 39 7391 9918 2334 18 0 0 0 0 0 0 0 0 0 94 0 461 117 1398 342 44 158 0 0 
0 0 2 0 0 0 0 0 0 0 0 0 0 0 11 1432 4020 0 0 15 4 0 0 0 0 0 98 0 0 190 10 130 0 0 0 0 
0 0 0 0 0 0 0 0 0 0 0 0 0 0 0 0 55 0 0 5 0 0 0 0 0 0 0 0 0 4 6 10 0 0 0 0 
0 0 10 0 0 0 0 0 0 0 0 0 0 0 0 0 202 0 2 1234 3166 36 36 0 0 0 0 0 0 206 101 71 0 0 0 0 
0 0 0 0 0 0 0 0 0 0 0 0 0 0 0 0 56 0 0 7 36 2910 13269 986 339 0 2 0 9 98 0 0 0 0 8 0 
0 0 0 0 0 0 0 0 0 0 0 0 0 0 4 0 0 0 0 0 0 1609 1197 241 910 82 808 0 17 0 0 4 0 0 0 0 
0 0 0 0 0 0 0 0 0 0 0 0 0 0 16 0 8 0 0 8 2 124 465 18 145 32 505 0 206 36 20 29 0 0 2 0 
0 0 0 0 0 0 0 0 0 0 0 0 0 23 98 4 5 0 0 0 0 130 1173 16 517 0 2731 0 1268 1045 387 99 20 19 1 0 
0 0 0 0 0 0 0 0 0 0 0 0 0 340 221 237 12 0 0 91 131 0 4 0 193 50 2183 3 1282 286 1525 971 55 0 24 0 
0 0 0 0 0 0 0 0 0 0 0 0 0 0 0 0 0 0 0 0 0 0 6 37 194 0 164 0 45 0 392 622 622 1184 326 0 
0 0 0 0 0 0 0 0 0 0 0 0 0 0 0 0 0 0 0 0 0 0 0 0 0 0 0 0 0 0 0 0 0 0 0 0 
