0.000000
0.000000
0.000000
0.000000
0.000000
0.000000
0.000000
0.000000
0.000000
0.000000
0.000000
0.000000
0.000000
0.000000
0.000000
0.000000
0.108337
0.211596
0.033931
0.000000
0.000000
0.000000
0.006240
0.003756
0.043793
0.048901
0.031284
0.035763
0.027609
0.018703
0.018350
0.000713
0.003792
0.004980
0.014338
0.002055
0.000245
0.000000
0.068579
0.017682
0.017682
0.002029
0.090272
0.004267
0.031614
0.014083
0.065130
0.006711
0.044189
0.005454
0.017921
0.000000
0.000000
0.000000
0.000000
0.000000
0.000000
0.000000
0.000000
0.000000
0.000000
0.000000
0.000000
0.000000
0.000000
0.000000
0.000000
0.000000
0.000000
0.000000
0.000000
0.000000
0.000000
0.000000
0.000000
0.000000
0.000000
0.000000
0.000000
0.000000
0.000000
0.000000
0.000000
0.000000
0.000000
0.000000
0.000000
0.000000
0.000000
0.000000
0.000000
0.000000
0.000000
0.000000
0.000000
0.000000
0.000000
0.000000
0.000000
0.000000
0.000000
