520 0 294 0 2 0 0 147 0 0 0 0 0 0 0 0 79 235 39 0 1 0 55 0 60 208 0 0 0 0 0 0 0 0 0 0 0 0 0 0 0 0 
30 0 119 0 41 0 0 16 0 0 0 0 0 0 0 0 0 20 14 0 0 0 0 0 0 0 0 0 0 0 0 0 0 0 0 0 0 0 0 0 0 0 
0 0 284 0 92 0 0 43 0 0 17 0 0 0 0 0 0 94 0 0 3 0 35 0 3 5 0 0 0 0 0 0 0 0 0 0 0 0 0 0 0 0 
29 0 25 0 164 0 11 0 0 0 0 0 0 0 0 0 2 4 0 0 0 0 0 0 0 253 0 0 0 0 0 0 0 0 0 0 0 0 0 0 0 0 
15 0 0 0 0 0 0 12 10 0 0 0 0 0 0 0 62 53 0 0 10 0 16 16 4 42 0 0 0 0 0 0 0 0 0 0 0 0 0 0 0 0 
0 0 0 0 0 0 0 0 1 0 12 0 0 0 0 0 4 20 0 0 0 0 0 0 3 0 0 0 0 0 0 0 0 0 0 0 0 0 0 0 0 0 
0 0 0 0 0 0 0 0 0 0 0 0 0 0 0 0 0 0 0 0 0 0 0 0 0 0 0 0 0 0 0 0 0 0 0 0 0 0 0 0 0 0 
0 0 0 0 0 2 0 4 0 0 1 0 0 0 0 0 32 25 0 0 0 0 0 24 20 20 0 0 0 0 0 0 0 0 0 0 0 0 0 0 0 0 
0 0 0 0 8 1 8 0 0 0 6 0 0 0 0 4 11687 8072 253 657 465 205 621 500 1202 901 17 14 3 0 0 0 0 0 0 0 0 0 0 0 0 0 
0 0 0 0 0 0 0 0 0 0 0 0 0 0 0 0 217 2028 377 386 413 35 13 13 8 46 0 0 0 0 0 0 0 0 0 0 0 0 0 0 0 0 
0 0 0 0 0 0 0 0 0 0 0 0 0 0 10 3 699 471 299 2342 3951 639 203 49 168 288 0 0 6 0 0 0 0 0 0 0 0 0 0 0 0 0 
0 0 20 0 35 0 0 0 0 0 0 0 0 3 10 94 1143 661 2 17 239 189 2911 4160 1555 941 69 31 0 0 0 0 0 0 0 0 0 0 0 0 0 0 
0 0 185 0 26 0 5 0 0 0 0 0 0 22 86 0 923 5 17 109 342 142 1361 3269 5662 13521 4 33 0 0 0 0 0 0 0 0 0 0 0 0 0 0 
0 0 42 0 0 0 0 0 0 0 0 0 0 0 0 0 114 0 0 0 11 0 13 52 106 392 0 14 0 0 0 0 0 0 0 0 0 0 0 0 0 0 
0 0 0 0 0 0 0 0 0 0 0 0 0 0 0 0 0 0 0 0 0 0 0 0 0 0 0 0 0 0 0 0 0 0 0 0 0 0 0 0 0 0 
0 0 0 0 0 0 0 0 0 0 0 0 0 0 0 0 0 0 0 0 0 0 0 0 0 0 0 0 0 0 0 0 0 0 0 0 0 0 0 0 0 0 
0 0 0 0 0 0 0 0 0 0 0 0 0 0 0 0 0 0 0 0 0 0 0 0 0 0 0 0 0 0 0 0 0 0 0 0 0 0 0 0 0 0 
0 0 0 0 0 0 0 0 0 0 0 0 0 0 0 0 0 0 0 0 0 0 0 0 0 0 0 0 0 0 0 0 0 0 0 0 0 0 0 0 0 0 
0 0 0 0 0 0 0 0 0 0 0 0 0 0 0 0 0 0 0 0 0 0 0 0 0 0 0 0 0 0 0 0 0 0 0 0 0 0 0 0 0 0 
0 0 0 0 0 0 0 0 0 0 0 0 0 0 0 0 172 65 71 0 0 19 122 345 254 0 0 0 0 0 0 0 0 0 0 0 0 0 0 0 0 0 
0 0 0 0 0 0 0 0 0 0 0 0 0 0 0 0 0 0 0 0 0 0 0 0 0 0 0 0 0 0 0 0 0 0 0 0 0 0 0 0 0 0 
