112 177 0 162 0 105 0 0 0 401 55 15 0 0 0 2 0 0 0 0 0 82 245 94 22 135 242 255 0 0 0 
50 66 0 10 0 3 0 0 0 42 0 4 0 0 28 0 3 1 0 0 0 4 92 60 3 75 88 55 0 0 0 
14 20 0 0 0 1 0 0 0 0 0 0 0 0 10 0 2 2 0 1 1 3 135 20 0 8 0 79 0 0 0 
11 4 0 12 0 0 0 0 0 6 2 0 0 0 4 0 0 0 0 4 0 19 190 12 0 7 0 153 0 0 0 
1 0 0 21 0 24 0 0 7 826 3 22 2 6 40 24 0 0 0 13 3 16 0 0 0 0 0 0 0 0 0 
275 3 0 0 0 27 0 0 496 2270 15616 3632 407 416 230 35 12 29 1 2 16 0 13 0 0 0 0 0 0 0 0 
121 6 0 0 0 0 0 0 9 16 637 1361 720 1289 221 181 53 69 12 7 8 24 34 48 0 31 0 1 0 0 0 
253 20 0 0 0 96 0 0 0 69 307 443 365 487 2946 637 565 430 22 69 218 29 251 76 0 188 120 65 0 0 0 
175 4 0 0 0 0 0 0 0 41 273 433 88 255 458 1527 3175 2678 263 69 220 18 36 131 6 38 2 6 0 0 0 
192 2 0 0 0 0 0 0 0 0 129 41 4 104 394 213 137 1538 1949 970 198 46 170 260 2 95 15 5 0 0 0 
22 0 0 0 0 0 0 0 0 0 78 0 15 10 151 72 19 122 116 340 1484 51 84 741 38 62 3 0 0 0 0 
4 0 10 0 0 0 0 0 0 0 64 0 0 0 137 82 11 345 68 76 328 104 1750 1413 437 734 72 29 0 0 0 
0 6 0 0 0 0 0 0 0 0 131 0 0 0 8 99 50 78 189 422 492 92 182 3930 4718 2236 3 292 0 0 0 
0 0 0 0 0 0 0 0 0 0 0 0 0 0 0 0 0 0 0 0 15 3 5 841 338 2469 897 0 0 0 0 
0 0 0 0 0 0 0 0 0 0 0 0 0 0 0 0 0 0 0 0 0 0 0 0 0 0 0 0 0 0 0 
0 0 0 0 0 0 0 0 0 0 0 0 0 0 0 0 0 0 0 0 0 0 0 0 0 0 0 0 0 0 0 
