346 0 513 0 14 0 969 0 349 0 150 0 1280 0 527 0 1322 0 0 5 30 297 30 0 0 8 0 0 143 4 189 0 0 
4 0 115 0 0 0 223 0 14 0 0 0 0 0 0 0 0 0 0 0 57 9 192 0 1 248 40 121 252 0 4 0 0 
0 0 97 0 4 0 2265 0 1274 0 196 0 0 0 0 0 0 0 0 3 59 42 28 0 0 4 0 127 13 0 0 0 0 
15 0 0 0 109 0 48 0 37 0 67 0 0 0 0 0 0 0 0 3 0 4 4 0 0 0 0 8 34 0 119 0 0 
0 0 0 0 0 0 1051 0 759 1303 3480 0 0 0 0 0 5 0 2 0 0 0 0 0 0 10 5 0 17 0 0 0 0 
0 0 5 0 4 0 871 0 1636 1310 6120 4 576 0 3 2 2590 20 99 214 25 30 12 0 0 81 40 49 104 4 1 0 0 
0 0 0 0 8 0 0 0 12 5 1081 5 61 0 0 0 0 0 41 37 2 12 0 0 0 6 6 12 20 0 4 0 0 
0 0 0 0 0 0 0 0 0 0 662 0 1787 0 870 278 183 40 24 19 0 5 7 0 0 9 0 4 0 0 0 0 0 
0 0 0 0 0 0 0 0 0 9 243 0 133 0 128 449 3239 213 1048 8 9 63 2 0 0 10 0 14 0 0 0 0 0 
0 0 0 4 4 0 0 0 149 56 630 0 38 0 23 419 633 310 3270 3191 150 51 88 3 3 118 121 35 1 2 5 0 0 
0 0 0 14 0 0 0 0 460 63 35 3 102 0 2 21 299 7 609 1787 2461 2483 479 10 132 361 190 18 0 0 0 0 0 
0 0 0 0 0 0 0 0 0 0 0 0 0 0 0 0 0 0 24 175 197 1653 780 279 215 39 47 31 0 0 0 0 0 
0 0 0 0 0 0 0 0 59 36 41 12 0 0 0 0 0 11 22 19 101 83 397 496 3356 1143 563 415 195 0 0 11 0 
0 0 0 0 0 0 0 0 0 0 502 2 133 0 0 0 0 0 0 0 29 6 2 81 528 1190 2312 1123 294 0 1 29 0 
0 0 0 0 21 0 0 0 10 0 0 0 21 0 0 0 0 0 0 7 66 4 0 374 141 393 865 1007 2149 12 130 0 0 
0 0 0 0 0 0 0 0 0 0 0 0 0 0 0 0 0 0 0 0 0 0 4 3 12 0 33 0 768 24 644 0 0 
0 0 0 0 0 0 0 0 0 0 0 0 0 0 0 0 0 0 0 0 0 0 0 0 0 0 0 0 0 0 0 0 0 
