6776 0 0 0 0 0 0 0 0 0 0 7 446 0 64 0 0 182 0 0 0 0 31 4 47 0 0 0 3 0 0 0 0 0 0 0 
0 0 0 0 0 0 0 0 0 0 0 0 0 0 0 0 18 484 0 2 0 0 118 19 3 20 0 0 0 0 0 0 0 0 0 0 
0 0 0 0 0 0 3311 0 0 0 0 0 0 9 0 0 0 0 0 0 0 0 0 0 0 0 0 0 0 0 0 0 0 0 0 0 
646 0 0 0 0 0 14370 0 0 0 0 0 766 64 17 0 0 8 0 0 0 0 0 0 0 0 0 0 0 9 0 0 0 0 0 0 
0 0 0 0 0 0 439 0 0 0 0 0 66 0 71 0 8 16 0 0 0 0 12 8 0 0 0 0 0 0 4 0 0 0 0 0 
117 0 0 0 0 0 6 0 0 0 0 0 307 0 50 0 0 122 12 38 0 0 36 21 11 4 0 0 0 0 36 0 0 0 0 0 
1389 0 0 0 0 0 930 0 0 0 0 9 1930 1548 1057 86 13 0 0 0 0 0 0 0 6 7 12 0 69 0 40 0 0 0 0 0 
14 0 0 0 0 0 1952 0 50 0 65 7 1844 504 6940 2612 320 249 24 2 0 13 10 0 1 35 0 10 102 22 0 0 0 0 0 0 
0 0 0 0 0 0 0 0 0 0 0 70 1 59 433 3068 1070 1022 259 86 0 60 4 5 14 34 4 111 109 12 29 8 22 0 0 0 
0 0 0 0 0 0 0 0 0 0 0 0 0 49 0 23 43 784 2645 285 114 26 139 0 15 25 1 12 87 159 65 0 0 0 0 0 
0 0 0 0 0 0 0 0 0 0 0 0 0 32 0 13 44 61 112 19 1663 1657 129 3 52 55 39 18 30 25 0 0 0 0 0 0 
0 0 0 0 0 0 0 0 0 0 0 0 0 0 0 0 3 7 27 2 26 133 1485 230 364 137 3 6 44 38 175 0 0 0 0 0 
0 0 0 0 0 0 0 0 0 0 0 0 0 0 0 0 0 4 6 0 0 0 102 68 353 400 272 10 58 35 92 0 0 0 0 0 
12 0 0 0 0 0 62 0 0 0 0 182 45 61 61 54 181 17 6 3 50 4 22 0 56 180 753 79 464 2 58 0 0 0 0 0 
0 0 0 0 0 0 247 0 0 0 0 0 148 0 63 17 22 5 21 0 152 272 76 21 47 40 438 189 1023 845 934 72 0 0 0 0 
0 0 0 0 0 0 2 0 0 0 0 0 207 0 112 0 8 12 171 1 343 133 0 7 53 29 163 19 660 1439 2238 99 0 0 0 0 
0 0 0 0 0 0 0 0 0 0 0 0 0 0 0 0 0 0 32 0 0 0 0 0 0 130 61 0 189 0 412 0 0 0 0 0 
0 0 0 0 0 0 0 0 0 0 0 0 0 0 0 0 0 0 0 0 0 0 0 0 0 0 0 0 0 0 0 0 0 0 0 0 
