0.000000
0.000000
0.000000
0.000000
0.000000
0.000000
0.000000
0.000000
0.000000
0.000000
0.000000
0.000000
0.000000
0.000000
0.000000
0.000000
0.000000
0.000000
0.018910
0.000893
0.006903
0.007262
0.007737
0.000165
0.003355
0.000000
0.000000
0.000000
0.000000
0.000000
0.006844
0.001389
0.008436
0.013020
0.032932
0.018148
0.022274
0.011201
0.010883
0.007562
0.006638
0.004285
0.003246
0.002840
0.003196
0.004294
0.015860
0.021556
0.026359
0.030001
0.041883
0.027876
0.025064
0.020042
0.044139
0.043555
0.051180
0.037563
0.044829
0.021306
0.017168
0.010021
0.027445
0.011469
0.040456
0.019496
0.025286
0.018248
0.029795
0.019362
0.021072
0.016725
0.020532
0.040310
0.015757
0.012493
0.000737
0.000000
0.000000
0.000000
0.000000
0.000000
0.000000
0.000000
0.000000
0.000000
0.000000
