0.000000
0.000000
0.000000
0.000000
0.000000
0.000000
0.000000
0.000000
0.000000
0.000000
0.000000
0.000000
0.249881
0.002712
0.000000
0.000000
0.000000
0.000000
0.000000
0.000000
0.000000
0.000000
0.000000
0.021120
0.001393
0.008892
0.182219
0.019709
0.048687
0.031339
0.055999
0.021916
0.008126
0.010630
0.034372
0.025420
0.011797
0.009857
0.000154
0.003127
0.012771
0.022141
0.016050
0.002637
0.017859
0.003350
0.005595
0.004633
0.011274
0.008666
0.023564
0.000000
0.003252
0.000249
0.015370
0.001812
0.009816
0.008340
0.037591
0.016748
0.025625
0.005304
0.000000
0.000000
0.000000
0.000000
0.000000
0.000000
0.000000
0.000000
0.000000
0.000000
