1599 8 139 0 2 0 0 0 167 0 0 0 43 0 0 0 0 0 0 0 0 0 0 0 0 678 391 0 0 0 816 0 471 381 857 0 0 0 0 0 0 0 0 
69 6 3 0 12 0 0 0 0 0 0 0 14 0 0 0 0 0 0 0 0 0 0 0 0 92 0 0 0 0 68 0 194 123 155 0 0 0 0 0 0 0 0 
16 5 17 0 1 0 0 2 0 0 0 0 15 0 0 0 0 0 0 0 0 0 0 0 0 111 263 0 0 0 222 0 484 16 0 0 0 0 0 0 0 0 0 
73 2 63 0 24 0 0 1 0 0 0 0 10 0 0 0 0 0 0 0 0 0 0 0 0 221 144 0 0 0 333 0 247 77 557 0 0 0 0 0 0 0 0 
357 0 0 0 2 0 0 0 6721 0 0 0 0 0 0 0 165 360 94 9 0 0 0 0 145 63 55 0 34 0 2 0 0 0 1 0 0 0 0 0 0 0 0 
0 0 0 0 0 0 0 0 0 0 0 0 0 0 0 0 0 0 0 0 0 0 0 0 0 5 0 0 0 0 16 0 32 0 3 0 0 0 0 0 0 0 0 
24 0 1 0 0 0 0 0 0 0 0 0 43 5 2 0 0 16 20 0 0 0 0 0 12 130 0 0 0 0 284 0 153 9 53 0 0 0 0 0 0 0 0 
1 0 0 0 0 0 0 0 0 0 0 0 39 0 0 0 0 0 0 0 0 0 0 0 0 34 0 0 0 0 6 0 0 0 0 0 0 0 0 0 0 0 0 
0 0 0 0 0 0 0 0 63 0 0 0 0 0 0 0 102 490 56 0 0 0 0 0 1 12 0 0 0 0 0 0 0 0 4 0 0 0 0 0 0 0 0 
81 0 0 0 0 0 0 0 484 0 0 0 0 0 0 0 507 1575 4656 3553 708 0 0 0 16 26 14 0 0 0 0 0 0 0 4 0 0 0 0 0 0 0 0 
28 0 0 0 0 0 0 0 180 0 0 0 0 0 0 0 0 2 736 1350 5214 195 0 0 15 0 0 0 0 0 0 0 0 0 0 0 0 0 0 0 0 0 0 
24 0 0 0 0 0 0 0 24 0 0 0 0 0 0 0 0 0 0 0 0 0 0 0 0 8 0 0 0 0 0 0 0 0 0 0 0 0 0 0 0 0 0 
0 0 7 0 0 0 0 0 1198 0 0 0 0 0 0 0 0 2 230 9 0 0 0 0 6671 3541 3 6 135 3 150 0 0 0 29 0 0 0 0 0 0 0 0 
0 0 0 0 0 0 0 0 80 0 0 0 0 0 0 0 0 0 0 0 0 0 0 0 29 2782 635 0 8 0 10 0 0 0 16 0 0 0 0 0 0 0 0 
0 0 0 0 0 0 0 0 6 0 0 0 0 0 0 0 0 0 0 0 0 0 0 0 21 29 0 0 512 6 1654 0 0 0 4 0 0 0 0 0 0 0 0 
48 0 0 0 0 0 0 0 171 0 0 0 0 0 0 0 0 0 0 0 0 0 0 0 9 24 0 0 626 5 4616 713 508 0 0 0 0 0 0 0 0 0 0 
0 0 0 0 0 0 0 0 0 0 0 0 0 0 0 0 0 0 0 0 0 0 0 0 0 80 0 0 0 0 2318 1338 4705 1248 1439 0 0 0 0 0 0 0 0 
0 0 0 0 0 0 0 0 0 0 0 0 0 0 0 0 0 0 0 0 0 0 0 0 0 0 0 0 0 0 0 0 410 350 4389 499 0 0 0 0 0 0 0 
0 0 0 0 0 0 0 0 0 0 0 0 0 0 0 0 0 0 0 0 0 0 0 0 0 0 0 0 0 0 0 0 0 0 0 0 0 0 0 0 0 0 0 
0 0 0 0 0 0 0 0 0 0 0 0 0 0 0 0 0 0 0 0 0 0 0 0 0 0 0 0 0 0 0 0 0 0 0 0 0 0 0 0 0 0 0 
0 0 0 0 0 0 0 0 0 0 0 0 0 0 0 0 0 0 0 0 0 0 0 0 0 0 0 0 0 0 0 0 0 0 0 0 0 0 0 0 0 0 0 
0 0 0 0 0 0 0 0 0 0 0 0 0 0 0 0 0 0 0 0 0 0 0 0 0 0 0 0 0 0 0 0 0 0 0 0 0 0 0 0 0 0 0 
