111 0 0 0 0 0 0 0 0 0 0 156 0 0 0 4 28 464 14 89 118 0 32 0 0 0 0 0 0 0 0 
1 1 0 0 20 2 44 0 0 0 4 75 0 0 0 0 23 483 0 257 0 0 146 0 0 0 0 0 0 0 0 
0 0 0 0 286 0 374 0 7 0 0 3 2 0 0 0 4 137 0 1 0 0 82 0 0 0 0 0 0 0 0 
26 0 0 0 42 0 69 0 16 0 0 3 0 0 0 28 43 256 0 0 0 0 13 0 0 0 0 0 0 0 0 
15 31 0 0 0 0 304 247 11839 3761 191 283 0 2 78 274 346 467 39 9 37 0 13 0 0 0 0 0 0 0 0 
93 0 0 0 3 0 120 0 371 5009 7482 2902 50 3 57 65 167 182 0 0 0 0 0 0 0 0 0 0 0 0 0 
1 0 0 0 23 0 150 0 63 5 22 646 203 0 78 58 64 23 0 0 0 0 0 0 0 0 0 0 0 0 0 
133 0 0 19 0 0 62 0 86 5 202 250 112 39 613 967 293 16 0 0 0 0 0 0 3 0 0 0 0 0 0 
256 0 0 6 0 23 0 0 8 21 775 55 1 0 421 2643 10838 6413 949 637 125 185 2 0 34 0 0 0 0 0 0 
0 16 0 0 0 0 0 0 0 0 36 68 0 0 0 39 1457 3058 2748 2247 401 323 154 0 0 5 0 0 0 0 0 
0 0 0 0 0 0 0 0 0 0 0 52 0 0 0 0 0 94 261 1354 1036 858 215 51 5 10 0 0 0 0 0 
0 0 0 0 0 0 0 0 3 0 0 0 0 0 0 8 0 2 66 225 558 817 1071 298 16 0 0 0 0 0 0 
0 0 0 0 0 0 0 0 7 0 0 0 0 0 0 19 17 0 0 0 0 0 0 0 29 0 0 0 0 0 0 
0 0 0 0 0 0 0 0 0 0 0 0 0 0 0 0 0 0 0 0 0 0 0 0 0 0 0 0 0 0 0 
0 5 0 0 0 0 0 0 0 0 13 51 0 20 0 0 4 168 0 11 0 0 0 0 0 0 0 0 0 0 0 
0 0 0 0 0 0 0 0 0 0 0 0 0 0 0 0 0 0 0 0 0 0 0 0 0 0 0 0 0 0 0 
