667 99 0 0 0 4 0 0 1 0 0 0 1 0 0 0 0 0 0 0 55 0 55 1116 114 397 51 0 0 0 0 0 0 0 0 0 0 0 0 0 0 0 0 0 
210 22 0 0 0 0 0 0 0 0 0 0 0 0 0 0 0 0 0 0 0 0 0 187 80 173 0 0 0 0 0 0 0 0 0 0 0 0 0 0 0 0 0 0 
4 0 0 0 0 0 0 0 0 0 0 0 0 0 0 0 0 0 0 0 0 0 0 0 0 0 4 0 0 0 0 0 0 0 0 0 0 0 0 0 0 0 0 0 
90 0 0 0 0 0 0 0 0 0 0 0 0 0 0 0 0 0 0 0 0 0 0 0 16 52 82 0 0 0 0 0 0 0 0 0 0 0 0 0 0 0 0 0 
24 5 0 0 0 60 166 0 5924 437 397 2 76 0 66 26 9 0 0 0 205 13 39 699 429 665 111 31 0 32 0 0 0 0 0 0 0 0 0 0 0 0 0 0 
15 4 0 0 0 0 0 0 40 1061 593 13 0 0 0 0 0 0 0 0 0 0 0 50 24 0 0 0 0 0 0 0 0 0 0 0 0 0 0 0 0 0 0 0 
25 0 0 0 0 30 0 0 0 47 0 0 0 0 0 0 0 0 0 0 0 0 0 0 4 30 0 0 0 0 0 0 0 0 0 0 0 0 0 0 0 0 0 0 
6 0 0 0 0 26 0 0 5 3 20 4 4 0 1 1 5 0 0 0 0 0 0 4 33 90 81 16 0 13 0 0 0 0 0 0 0 0 0 0 0 0 0 0 
0 0 0 0 0 0 0 0 0 0 0 0 0 0 0 0 0 0 0 0 0 0 0 0 0 0 0 0 0 0 0 0 0 0 0 0 0 0 0 0 0 0 0 0 
7 0 0 0 0 13 0 0 11 0 0 0 0 0 0 0 0 0 0 0 0 0 0 0 21 61 16 22 1 16 0 0 0 0 0 0 0 0 0 0 0 0 0 0 
188 0 0 5 0 35 7 0 26 0 0 0 94 0 0 0 0 0 0 0 132 0 0 114 265 498 103 11 7 139 0 0 0 0 0 0 0 0 0 0 0 0 0 0 
45 3 0 0 0 9 52 0 433 63 0 0 0 0 0 11 10 0 0 0 11 167 461 2118 47 386 104 0 2 22 0 0 0 0 0 0 0 0 0 0 0 0 0 0 
197 0 0 0 0 129 209 145 98 2 9 8 4 0 0 0 5 0 0 0 105 0 16 933 3657 3911 2254 664 387 11 0 0 0 0 0 0 0 0 0 0 0 0 0 0 
412 0 0 0 0 14 28 241 991 6 14 17 0 0 0 0 0 0 0 0 13 7 2 4 77 2851 8201 3844 1623 656 317 15 0 0 0 19 0 0 0 0 0 0 0 0 
4 0 0 0 0 0 0 0 24 4 4 0 0 0 0 0 0 0 0 0 26 3 15 25 156 293 1516 3095 5568 3155 946 456 334 0 0 0 0 0 0 0 0 0 0 0 
0 0 0 0 0 0 0 0 0 0 0 0 0 0 0 0 0 0 0 0 0 0 0 0 32 134 933 346 436 1186 2439 1245 519 282 0 0 0 0 0 0 0 0 0 0 
0 0 0 0 0 0 0 0 6 2 4 0 0 0 0 0 0 0 0 0 0 0 0 0 0 4 258 0 95 442 445 863 844 293 0 0 0 0 0 0 0 0 0 0 
0 0 0 0 0 0 0 0 0 0 0 0 0 0 0 0 0 0 0 0 0 0 0 0 0 0 0 0 0 0 0 13 27 40 0 0 0 0 0 0 0 0 0 0 
0 0 0 0 0 0 0 0 0 0 0 0 0 0 0 0 0 0 0 0 0 0 0 0 0 0 0 0 0 0 0 0 0 0 0 0 0 0 0 0 0 0 0 0 
0 0 0 0 0 0 0 0 0 0 0 0 0 0 0 0 0 0 0 0 0 0 0 0 0 0 0 0 0 0 0 0 0 0 0 0 0 0 0 0 0 0 0 0 
0 0 0 0 0 0 0 0 0 0 0 0 0 0 0 0 0 0 0 0 0 0 0 0 0 0 0 0 0 0 0 0 0 0 0 0 0 0 0 0 0 0 0 0 
0 0 0 0 0 0 0 0 0 0 0 0 0 0 0 0 0 0 0 0 0 0 0 0 0 0 0 0 0 0 0 0 0 0 0 0 0 0 0 0 0 0 0 0 
