0.000000
0.000000
0.000000
0.000000
0.000000
0.000000
0.000000
0.000000
0.000000
0.000000
0.000000
0.000000
0.000000
0.000000
0.000000
0.000000
0.000000
0.000000
0.020957
0.062331
0.021906
0.000000
0.000553
0.000000
0.000000
0.000000
0.000795
0.036924
0.013954
0.012910
0.007674
0.000000
0.000316
0.000000
0.147170
0.000000
0.033404
0.000000
0.000000
0.000000
0.000000
0.001901
0.046371
0.081321
0.100850
0.000000
0.009405
0.000000
0.000000
0.038748
0.014322
0.000000
0.000026
0.000000
0.039132
0.000000
0.000000
0.000000
0.008737
0.014510
0.010539
0.017881
0.236592
0.000000
0.000000
0.020772
0.000000
0.000000
0.000000
0.000000
0.000000
0.000000
0.000000
0.000000
0.000000
0.000000
0.000000
0.000000
0.000000
0.000000
0.000000
0.000000
0.000000
0.000000
0.000000
0.000000
0.000000
0.000000
0.000000
0.000000
0.000000
0.000000
0.000000
0.000000
