0.24233 0.24233 0.06784 0.06784 0.02397 0.02397 0.00898 0.00898 0.00700 0.00700 0.00414 0.00414 0.00222 0.00222 0.00180 0.00180 0.00118 0.00118 0.00012 0.00012 0.00087 0.00087 0.00035 0.00035 0.00017 0.00017 0.00000 0.00000 0.00000 0.00000 0.00000 0.00000 0.00000 0.00000 0.00001 0.00001 0.00001 0.00001 0.00028 0.00028 0.00094 0.00094 0.00000 0.00000 0.00000 0.00000 0.00000 0.00000 0.00000 0.00000 0.00000 0.00000 0.00000 0.00000 0.00000 0.00000 0.00000 0.00000 0.00000 0.00000 0.00000 
0.16248 0.16248 0.24233 0.24233 0.06784 0.06784 0.02397 0.02397 0.00898 0.00898 0.00700 0.00700 0.00414 0.00414 0.00222 0.00222 0.00180 0.00180 0.00118 0.00118 0.00012 0.00012 0.00087 0.00087 0.00035 0.00035 0.00017 0.00017 0.00000 0.00000 0.00000 0.00000 0.00000 0.00000 0.00000 0.00000 0.00001 0.00001 0.00001 0.00001 0.00028 0.00028 0.00094 0.00094 0.00000 0.00000 0.00000 0.00000 0.00000 0.00000 0.00000 0.00000 0.00000 0.00000 0.00000 0.00000 0.00000 0.00000 0.00000 0.00000 0.00000 
0.02363 0.02363 0.16248 0.16248 0.24233 0.24233 0.06784 0.06784 0.02397 0.02397 0.00898 0.00898 0.00700 0.00700 0.00414 0.00414 0.00222 0.00222 0.00180 0.00180 0.00118 0.00118 0.00012 0.00012 0.00087 0.00087 0.00035 0.00035 0.00017 0.00017 0.00000 0.00000 0.00000 0.00000 0.00000 0.00000 0.00000 0.00000 0.00001 0.00001 0.00001 0.00001 0.00028 0.00028 0.00094 0.00094 0.00000 0.00000 0.00000 0.00000 0.00000 0.00000 0.00000 0.00000 0.00000 0.00000 0.00000 0.00000 0.00000 0.00000 0.00000 
0.02069 0.02069 0.02363 0.02363 0.16248 0.16248 0.24233 0.24233 0.06784 0.06784 0.02397 0.02397 0.00898 0.00898 0.00700 0.00700 0.00414 0.00414 0.00222 0.00222 0.00180 0.00180 0.00118 0.00118 0.00012 0.00012 0.00087 0.00087 0.00035 0.00035 0.00017 0.00017 0.00000 0.00000 0.00000 0.00000 0.00000 0.00000 0.00000 0.00000 0.00001 0.00001 0.00001 0.00001 0.00028 0.00028 0.00094 0.00094 0.00000 0.00000 0.00000 0.00000 0.00000 0.00000 0.00000 0.00000 0.00000 0.00000 0.00000 0.00000 0.00000 
0.00663 0.00663 0.02069 0.02069 0.02363 0.02363 0.16248 0.16248 0.24233 0.24233 0.06784 0.06784 0.02397 0.02397 0.00898 0.00898 0.00700 0.00700 0.00414 0.00414 0.00222 0.00222 0.00180 0.00180 0.00118 0.00118 0.00012 0.00012 0.00087 0.00087 0.00035 0.00035 0.00017 0.00017 0.00000 0.00000 0.00000 0.00000 0.00000 0.00000 0.00000 0.00000 0.00001 0.00001 0.00001 0.00001 0.00028 0.00028 0.00094 0.00094 0.00000 0.00000 0.00000 0.00000 0.00000 0.00000 0.00000 0.00000 0.00000 0.00000 0.00000 
0.00261 0.00261 0.00663 0.00663 0.02069 0.02069 0.02363 0.02363 0.16248 0.16248 0.24233 0.24233 0.06784 0.06784 0.02397 0.02397 0.00898 0.00898 0.00700 0.00700 0.00414 0.00414 0.00222 0.00222 0.00180 0.00180 0.00118 0.00118 0.00012 0.00012 0.00087 0.00087 0.00035 0.00035 0.00017 0.00017 0.00000 0.00000 0.00000 0.00000 0.00000 0.00000 0.00000 0.00000 0.00001 0.00001 0.00001 0.00001 0.00028 0.00028 0.00094 0.00094 0.00000 0.00000 0.00000 0.00000 0.00000 0.00000 0.00000 0.00000 0.00000 
0.00433 0.00433 0.00261 0.00261 0.00663 0.00663 0.02069 0.02069 0.02363 0.02363 0.16248 0.16248 0.24233 0.24233 0.06784 0.06784 0.02397 0.02397 0.00898 0.00898 0.00700 0.00700 0.00414 0.00414 0.00222 0.00222 0.00180 0.00180 0.00118 0.00118 0.00012 0.00012 0.00087 0.00087 0.00035 0.00035 0.00017 0.00017 0.00000 0.00000 0.00000 0.00000 0.00000 0.00000 0.00000 0.00000 0.00001 0.00001 0.00001 0.00001 0.00028 0.00028 0.00094 0.00094 0.00000 0.00000 0.00000 0.00000 0.00000 0.00000 0.00000 
0.00617 0.00617 0.00433 0.00433 0.00261 0.00261 0.00663 0.00663 0.02069 0.02069 0.02363 0.02363 0.16248 0.16248 0.24233 0.24233 0.06784 0.06784 0.02397 0.02397 0.00898 0.00898 0.00700 0.00700 0.00414 0.00414 0.00222 0.00222 0.00180 0.00180 0.00118 0.00118 0.00012 0.00012 0.00087 0.00087 0.00035 0.00035 0.00017 0.00017 0.00000 0.00000 0.00000 0.00000 0.00000 0.00000 0.00000 0.00000 0.00001 0.00001 0.00001 0.00001 0.00028 0.00028 0.00094 0.00094 0.00000 0.00000 0.00000 0.00000 0.00000 
0.00012 0.00012 0.00617 0.00617 0.00433 0.00433 0.00261 0.00261 0.00663 0.00663 0.02069 0.02069 0.02363 0.02363 0.16248 0.16248 0.24233 0.24233 0.06784 0.06784 0.02397 0.02397 0.00898 0.00898 0.00700 0.00700 0.00414 0.00414 0.00222 0.00222 0.00180 0.00180 0.00118 0.00118 0.00012 0.00012 0.00087 0.00087 0.00035 0.00035 0.00017 0.00017 0.00000 0.00000 0.00000 0.00000 0.00000 0.00000 0.00000 0.00000 0.00001 0.00001 0.00001 0.00001 0.00028 0.00028 0.00094 0.00094 0.00000 0.00000 0.00000 
0.00049 0.00049 0.00012 0.00012 0.00617 0.00617 0.00433 0.00433 0.00261 0.00261 0.00663 0.00663 0.02069 0.02069 0.02363 0.02363 0.16248 0.16248 0.24233 0.24233 0.06784 0.06784 0.02397 0.02397 0.00898 0.00898 0.00700 0.00700 0.00414 0.00414 0.00222 0.00222 0.00180 0.00180 0.00118 0.00118 0.00012 0.00012 0.00087 0.00087 0.00035 0.00035 0.00017 0.00017 0.00000 0.00000 0.00000 0.00000 0.00000 0.00000 0.00000 0.00000 0.00001 0.00001 0.00001 0.00001 0.00028 0.00028 0.00094 0.00094 0.00000 
0.00012 0.00012 0.00049 0.00049 0.00012 0.00012 0.00617 0.00617 0.00433 0.00433 0.00261 0.00261 0.00663 0.00663 0.02069 0.02069 0.02363 0.02363 0.16248 0.16248 0.24233 0.24233 0.06784 0.06784 0.02397 0.02397 0.00898 0.00898 0.00700 0.00700 0.00414 0.00414 0.00222 0.00222 0.00180 0.00180 0.00118 0.00118 0.00012 0.00012 0.00087 0.00087 0.00035 0.00035 0.00017 0.00017 0.00000 0.00000 0.00000 0.00000 0.00000 0.00000 0.00000 0.00000 0.00001 0.00001 0.00001 0.00001 0.00028 0.00028 0.00094 
0.00001 0.00001 0.00012 0.00012 0.00049 0.00049 0.00012 0.00012 0.00617 0.00617 0.00433 0.00433 0.00261 0.00261 0.00663 0.00663 0.02069 0.02069 0.02363 0.02363 0.16248 0.16248 0.24233 0.24233 0.06784 0.06784 0.02397 0.02397 0.00898 0.00898 0.00700 0.00700 0.00414 0.00414 0.00222 0.00222 0.00180 0.00180 0.00118 0.00118 0.00012 0.00012 0.00087 0.00087 0.00035 0.00035 0.00017 0.00017 0.00000 0.00000 0.00000 0.00000 0.00000 0.00000 0.00000 0.00000 0.00001 0.00001 0.00001 0.00001 0.00028 
0.00000 0.00000 0.00001 0.00001 0.00012 0.00012 0.00049 0.00049 0.00012 0.00012 0.00617 0.00617 0.00433 0.00433 0.00261 0.00261 0.00663 0.00663 0.02069 0.02069 0.02363 0.02363 0.16248 0.16248 0.24233 0.24233 0.06784 0.06784 0.02397 0.02397 0.00898 0.00898 0.00700 0.00700 0.00414 0.00414 0.00222 0.00222 0.00180 0.00180 0.00118 0.00118 0.00012 0.00012 0.00087 0.00087 0.00035 0.00035 0.00017 0.00017 0.00000 0.00000 0.00000 0.00000 0.00000 0.00000 0.00000 0.00000 0.00001 0.00001 0.00001 
0.00000 0.00000 0.00000 0.00000 0.00001 0.00001 0.00012 0.00012 0.00049 0.00049 0.00012 0.00012 0.00617 0.00617 0.00433 0.00433 0.00261 0.00261 0.00663 0.00663 0.02069 0.02069 0.02363 0.02363 0.16248 0.16248 0.24233 0.24233 0.06784 0.06784 0.02397 0.02397 0.00898 0.00898 0.00700 0.00700 0.00414 0.00414 0.00222 0.00222 0.00180 0.00180 0.00118 0.00118 0.00012 0.00012 0.00087 0.00087 0.00035 0.00035 0.00017 0.00017 0.00000 0.00000 0.00000 0.00000 0.00000 0.00000 0.00000 0.00000 0.00001 
0.00000 0.00000 0.00000 0.00000 0.00000 0.00000 0.00001 0.00001 0.00012 0.00012 0.00049 0.00049 0.00012 0.00012 0.00617 0.00617 0.00433 0.00433 0.00261 0.00261 0.00663 0.00663 0.02069 0.02069 0.02363 0.02363 0.16248 0.16248 0.24233 0.24233 0.06784 0.06784 0.02397 0.02397 0.00898 0.00898 0.00700 0.00700 0.00414 0.00414 0.00222 0.00222 0.00180 0.00180 0.00118 0.00118 0.00012 0.00012 0.00087 0.00087 0.00035 0.00035 0.00017 0.00017 0.00000 0.00000 0.00000 0.00000 0.00000 0.00000 0.00000 
0.00000 0.00000 0.00000 0.00000 0.00000 0.00000 0.00000 0.00000 0.00001 0.00001 0.00012 0.00012 0.00049 0.00049 0.00012 0.00012 0.00617 0.00617 0.00433 0.00433 0.00261 0.00261 0.00663 0.00663 0.02069 0.02069 0.02363 0.02363 0.16248 0.16248 0.24233 0.24233 0.06784 0.06784 0.02397 0.02397 0.00898 0.00898 0.00700 0.00700 0.00414 0.00414 0.00222 0.00222 0.00180 0.00180 0.00118 0.00118 0.00012 0.00012 0.00087 0.00087 0.00035 0.00035 0.00017 0.00017 0.00000 0.00000 0.00000 0.00000 0.00000 
0.00021 0.00021 0.00000 0.00000 0.00000 0.00000 0.00000 0.00000 0.00000 0.00000 0.00001 0.00001 0.00012 0.00012 0.00049 0.00049 0.00012 0.00012 0.00617 0.00617 0.00433 0.00433 0.00261 0.00261 0.00663 0.00663 0.02069 0.02069 0.02363 0.02363 0.16248 0.16248 0.24233 0.24233 0.06784 0.06784 0.02397 0.02397 0.00898 0.00898 0.00700 0.00700 0.00414 0.00414 0.00222 0.00222 0.00180 0.00180 0.00118 0.00118 0.00012 0.00012 0.00087 0.00087 0.00035 0.00035 0.00017 0.00017 0.00000 0.00000 0.00000 
0.00000 0.00000 0.00021 0.00021 0.00000 0.00000 0.00000 0.00000 0.00000 0.00000 0.00000 0.00000 0.00001 0.00001 0.00012 0.00012 0.00049 0.00049 0.00012 0.00012 0.00617 0.00617 0.00433 0.00433 0.00261 0.00261 0.00663 0.00663 0.02069 0.02069 0.02363 0.02363 0.16248 0.16248 0.24233 0.24233 0.06784 0.06784 0.02397 0.02397 0.00898 0.00898 0.00700 0.00700 0.00414 0.00414 0.00222 0.00222 0.00180 0.00180 0.00118 0.00118 0.00012 0.00012 0.00087 0.00087 0.00035 0.00035 0.00017 0.00017 0.00000 
0.00000 0.00000 0.00000 0.00000 0.00021 0.00021 0.00000 0.00000 0.00000 0.00000 0.00000 0.00000 0.00000 0.00000 0.00001 0.00001 0.00012 0.00012 0.00049 0.00049 0.00012 0.00012 0.00617 0.00617 0.00433 0.00433 0.00261 0.00261 0.00663 0.00663 0.02069 0.02069 0.02363 0.02363 0.16248 0.16248 0.24233 0.24233 0.06784 0.06784 0.02397 0.02397 0.00898 0.00898 0.00700 0.00700 0.00414 0.00414 0.00222 0.00222 0.00180 0.00180 0.00118 0.00118 0.00012 0.00012 0.00087 0.00087 0.00035 0.00035 0.00017 
0.00046 0.00046 0.00000 0.00000 0.00000 0.00000 0.00021 0.00021 0.00000 0.00000 0.00000 0.00000 0.00000 0.00000 0.00000 0.00000 0.00001 0.00001 0.00012 0.00012 0.00049 0.00049 0.00012 0.00012 0.00617 0.00617 0.00433 0.00433 0.00261 0.00261 0.00663 0.00663 0.02069 0.02069 0.02363 0.02363 0.16248 0.16248 0.24233 0.24233 0.06784 0.06784 0.02397 0.02397 0.00898 0.00898 0.00700 0.00700 0.00414 0.00414 0.00222 0.00222 0.00180 0.00180 0.00118 0.00118 0.00012 0.00012 0.00087 0.00087 0.00035 
0.00000 0.00000 0.00046 0.00046 0.00000 0.00000 0.00000 0.00000 0.00021 0.00021 0.00000 0.00000 0.00000 0.00000 0.00000 0.00000 0.00000 0.00000 0.00001 0.00001 0.00012 0.00012 0.00049 0.00049 0.00012 0.00012 0.00617 0.00617 0.00433 0.00433 0.00261 0.00261 0.00663 0.00663 0.02069 0.02069 0.02363 0.02363 0.16248 0.16248 0.24233 0.24233 0.06784 0.06784 0.02397 0.02397 0.00898 0.00898 0.00700 0.00700 0.00414 0.00414 0.00222 0.00222 0.00180 0.00180 0.00118 0.00118 0.00012 0.00012 0.00087 
0.00000 0.00000 0.00000 0.00000 0.00046 0.00046 0.00000 0.00000 0.00000 0.00000 0.00021 0.00021 0.00000 0.00000 0.00000 0.00000 0.00000 0.00000 0.00000 0.00000 0.00001 0.00001 0.00012 0.00012 0.00049 0.00049 0.00012 0.00012 0.00617 0.00617 0.00433 0.00433 0.00261 0.00261 0.00663 0.00663 0.02069 0.02069 0.02363 0.02363 0.16248 0.16248 0.24233 0.24233 0.06784 0.06784 0.02397 0.02397 0.00898 0.00898 0.00700 0.00700 0.00414 0.00414 0.00222 0.00222 0.00180 0.00180 0.00118 0.00118 0.00012 
0.00000 0.00000 0.00000 0.00000 0.00000 0.00000 0.00046 0.00046 0.00000 0.00000 0.00000 0.00000 0.00021 0.00021 0.00000 0.00000 0.00000 0.00000 0.00000 0.00000 0.00000 0.00000 0.00001 0.00001 0.00012 0.00012 0.00049 0.00049 0.00012 0.00012 0.00617 0.00617 0.00433 0.00433 0.00261 0.00261 0.00663 0.00663 0.02069 0.02069 0.02363 0.02363 0.16248 0.16248 0.24233 0.24233 0.06784 0.06784 0.02397 0.02397 0.00898 0.00898 0.00700 0.00700 0.00414 0.00414 0.00222 0.00222 0.00180 0.00180 0.00118 
0.00000 0.00000 0.00000 0.00000 0.00000 0.00000 0.00000 0.00000 0.00046 0.00046 0.00000 0.00000 0.00000 0.00000 0.00021 0.00021 0.00000 0.00000 0.00000 0.00000 0.00000 0.00000 0.00000 0.00000 0.00001 0.00001 0.00012 0.00012 0.00049 0.00049 0.00012 0.00012 0.00617 0.00617 0.00433 0.00433 0.00261 0.00261 0.00663 0.00663 0.02069 0.02069 0.02363 0.02363 0.16248 0.16248 0.24233 0.24233 0.06784 0.06784 0.02397 0.02397 0.00898 0.00898 0.00700 0.00700 0.00414 0.00414 0.00222 0.00222 0.00180 
0.00000 0.00000 0.00000 0.00000 0.00000 0.00000 0.00000 0.00000 0.00000 0.00000 0.00046 0.00046 0.00000 0.00000 0.00000 0.00000 0.00021 0.00021 0.00000 0.00000 0.00000 0.00000 0.00000 0.00000 0.00000 0.00000 0.00001 0.00001 0.00012 0.00012 0.00049 0.00049 0.00012 0.00012 0.00617 0.00617 0.00433 0.00433 0.00261 0.00261 0.00663 0.00663 0.02069 0.02069 0.02363 0.02363 0.16248 0.16248 0.24233 0.24233 0.06784 0.06784 0.02397 0.02397 0.00898 0.00898 0.00700 0.00700 0.00414 0.00414 0.00222 
0.00000 0.00000 0.00000 0.00000 0.00000 0.00000 0.00000 0.00000 0.00000 0.00000 0.00000 0.00000 0.00046 0.00046 0.00000 0.00000 0.00000 0.00000 0.00021 0.00021 0.00000 0.00000 0.00000 0.00000 0.00000 0.00000 0.00000 0.00000 0.00001 0.00001 0.00012 0.00012 0.00049 0.00049 0.00012 0.00012 0.00617 0.00617 0.00433 0.00433 0.00261 0.00261 0.00663 0.00663 0.02069 0.02069 0.02363 0.02363 0.16248 0.16248 0.24233 0.24233 0.06784 0.06784 0.02397 0.02397 0.00898 0.00898 0.00700 0.00700 0.00414 
0.00000 0.00000 0.00000 0.00000 0.00000 0.00000 0.00000 0.00000 0.00000 0.00000 0.00000 0.00000 0.00000 0.00000 0.00046 0.00046 0.00000 0.00000 0.00000 0.00000 0.00021 0.00021 0.00000 0.00000 0.00000 0.00000 0.00000 0.00000 0.00000 0.00000 0.00001 0.00001 0.00012 0.00012 0.00049 0.00049 0.00012 0.00012 0.00617 0.00617 0.00433 0.00433 0.00261 0.00261 0.00663 0.00663 0.02069 0.02069 0.02363 0.02363 0.16248 0.16248 0.24233 0.24233 0.06784 0.06784 0.02397 0.02397 0.00898 0.00898 0.00700 
0.00000 0.00000 0.00000 0.00000 0.00000 0.00000 0.00000 0.00000 0.00000 0.00000 0.00000 0.00000 0.00000 0.00000 0.00000 0.00000 0.00046 0.00046 0.00000 0.00000 0.00000 0.00000 0.00021 0.00021 0.00000 0.00000 0.00000 0.00000 0.00000 0.00000 0.00000 0.00000 0.00001 0.00001 0.00012 0.00012 0.00049 0.00049 0.00012 0.00012 0.00617 0.00617 0.00433 0.00433 0.00261 0.00261 0.00663 0.00663 0.02069 0.02069 0.02363 0.02363 0.16248 0.16248 0.24233 0.24233 0.06784 0.06784 0.02397 0.02397 0.00898 
0.00000 0.00000 0.00000 0.00000 0.00000 0.00000 0.00000 0.00000 0.00000 0.00000 0.00000 0.00000 0.00000 0.00000 0.00000 0.00000 0.00000 0.00000 0.00046 0.00046 0.00000 0.00000 0.00000 0.00000 0.00021 0.00021 0.00000 0.00000 0.00000 0.00000 0.00000 0.00000 0.00000 0.00000 0.00001 0.00001 0.00012 0.00012 0.00049 0.00049 0.00012 0.00012 0.00617 0.00617 0.00433 0.00433 0.00261 0.00261 0.00663 0.00663 0.02069 0.02069 0.02363 0.02363 0.16248 0.16248 0.24233 0.24233 0.06784 0.06784 0.02397 
0.00000 0.00000 0.00000 0.00000 0.00000 0.00000 0.00000 0.00000 0.00000 0.00000 0.00000 0.00000 0.00000 0.00000 0.00000 0.00000 0.00000 0.00000 0.00000 0.00000 0.00046 0.00046 0.00000 0.00000 0.00000 0.00000 0.00021 0.00021 0.00000 0.00000 0.00000 0.00000 0.00000 0.00000 0.00000 0.00000 0.00001 0.00001 0.00012 0.00012 0.00049 0.00049 0.00012 0.00012 0.00617 0.00617 0.00433 0.00433 0.00261 0.00261 0.00663 0.00663 0.02069 0.02069 0.02363 0.02363 0.16248 0.16248 0.24233 0.24233 0.06784 
0.00000 0.00000 0.00000 0.00000 0.00000 0.00000 0.00000 0.00000 0.00000 0.00000 0.00000 0.00000 0.00000 0.00000 0.00000 0.00000 0.00000 0.00000 0.00000 0.00000 0.00000 0.00000 0.00046 0.00046 0.00000 0.00000 0.00000 0.00000 0.00021 0.00021 0.00000 0.00000 0.00000 0.00000 0.00000 0.00000 0.00000 0.00000 0.00001 0.00001 0.00012 0.00012 0.00049 0.00049 0.00012 0.00012 0.00617 0.00617 0.00433 0.00433 0.00261 0.00261 0.00663 0.00663 0.02069 0.02069 0.02363 0.02363 0.16248 0.16248 0.24233 
