0.000000
0.000000
0.000000
0.000000
0.000000
0.000000
0.000000
0.000000
0.000000
0.000000
0.000000
0.000000
0.000000
0.000000
0.000000
0.000000
0.000000
0.000000
0.000000
0.000000
0.000000
0.000000
0.000000
0.000000
0.000000
0.014415
0.079458
0.064889
0.066128
0.027550
0.040733
0.029984
0.036670
0.009371
0.000000
0.000000
0.000000
0.000000
0.007869
0.024830
0.022698
0.011050
0.044731
0.044068
0.044568
0.087459
0.069019
0.000000
0.000417
0.000515
0.032515
0.000269
0.002389
0.000000
0.060335
0.000000
0.011145
0.007943
0.042454
0.000787
0.016521
0.037779
0.014714
0.003797
0.001718
0.008723
0.025628
0.002785
0.001490
0.002587
0.000000
