0 0 48 0 0 136 6 31 0 0 244 416 0 7 82 74 0 37 81 14 52 0 22 535 289 242 35 0 27 336 222 0 0 24 0 0 0 0 0 0 0 0 0 0 
19 0 41 0 0 22 17 68 0 0 32 359 0 30 2 11 0 30 0 70 233 0 0 280 275 89 0 0 33 318 7 0 0 0 0 0 0 0 0 0 0 0 0 0 
0 0 0 0 0 0 6 84 0 0 3 127 0 10 0 4 0 0 13 7 13 0 1 19 133 258 9 0 11 46 0 0 0 0 0 0 0 0 0 0 0 0 0 0 
0 0 0 0 0 6 3 15 1 0 5 37 2 3 4 54 0 0 12 0 5 0 3 30 65 458 0 3 7 143 0 0 0 0 0 0 0 0 0 0 0 0 0 0 
0 0 0 0 0 8 53 0 0 2 1 0 8 23 3 15 0 0 17 8 2 0 0 67 15 37 1 27 26 217 46 0 10 0 0 0 0 6 0 0 0 0 0 0 
0 0 0 0 0 2 0 38 1 91 958 277 32 4 31 2 0 18 47 13 3 0 3 157 94 129 0 143 207 6 8 0 0 0 0 0 0 0 0 0 0 0 0 0 
0 0 0 0 0 0 0 28 0 0 16 163 9 2 69 0 0 0 129 68 60 0 0 2 46 132 7 13 96 47 3 13 20 13 0 0 0 0 0 0 0 0 0 0 
0 0 0 0 0 0 0 0 0 0 0 0 4 0 8 0 0 20 15 4 9 0 0 48 36 57 4 23 24 4 0 0 0 0 0 0 0 0 0 0 0 0 0 0 
29 0 0 0 0 0 0 0 0 0 0 13 0 26 58 524 1077 1370 92 10 39 0 1 8 17 7 0 0 0 0 7 32 22 36 32 0 0 0 0 0 0 0 0 0 
19 0 0 0 0 0 0 0 0 0 0 2 0 0 0 27 100 1451 2113 697 107 292 192 124 9 161 5 0 233 133 0 0 12 8 3 0 0 0 0 0 0 0 0 0 
0 0 0 0 0 0 0 0 0 0 0 6 0 0 2 0 0 332 136 151 237 91 8 28 14 128 8 1 73 108 12 4 6 16 7 0 0 0 0 0 0 0 0 0 
0 0 0 0 0 0 0 0 0 0 0 30 0 0 0 0 0 71 251 127 155 59 196 224 205 15 46 6 27 1 93 11 43 0 0 0 0 0 0 0 0 0 0 0 
0 0 0 0 0 0 0 0 0 0 0 20 0 4 4 24 0 193 386 31 39 36 37 540 1146 980 186 305 367 2 87 98 217 125 184 27 74 0 0 0 0 0 0 0 
7 0 0 0 0 62 0 0 0 0 4 0 0 2 0 1 0 727 317 6 108 30 8 144 701 1973 2875 1193 413 246 197 126 142 3 15 23 111 94 0 0 0 0 0 0 
0 0 0 0 0 1 0 0 0 0 147 0 0 0 3 23 0 23 78 21 3 0 0 166 150 177 1514 3112 6483 1869 499 159 427 140 145 4 0 0 0 0 0 0 0 0 
1 0 0 0 0 1 0 0 0 0 0 0 0 0 0 3 0 0 0 0 0 0 0 21 69 41 12 72 668 1591 910 604 858 423 351 31 0 0 0 0 0 0 0 0 
74 0 0 0 0 0 0 0 0 0 0 0 0 0 0 0 0 0 53 0 0 0 0 18 56 6 226 3 71 218 360 1113 2663 1182 1118 630 84 13 0 0 0 0 0 0 
0 0 0 0 0 0 0 0 0 0 0 0 0 0 0 0 0 0 0 0 0 0 0 0 0 0 54 0 0 0 0 232 28 942 3011 1443 1153 409 0 0 0 0 0 0 
0 0 0 0 0 0 0 0 0 0 0 0 0 0 0 0 0 0 0 0 0 0 0 0 0 0 0 0 0 0 0 94 44 225 635 594 1535 2461 444 0 0 0 0 0 
0 0 0 0 0 0 0 0 0 0 0 0 0 0 0 0 0 0 0 0 0 0 0 0 0 0 0 0 0 0 0 0 0 0 0 0 0 71 225 0 0 0 0 0 
0 0 0 0 0 0 0 0 0 0 0 0 0 0 0 0 0 0 0 0 0 0 0 0 0 0 0 0 0 0 0 0 0 0 0 0 0 0 0 0 0 0 0 0 
0 0 0 0 0 0 0 0 0 0 0 0 0 0 0 0 0 0 0 0 0 0 0 0 0 0 0 0 0 0 0 0 0 0 0 0 0 0 0 0 0 0 0 0 
