0.000000
0.000000
0.000000
0.000000
0.000000
0.000000
0.000000
0.000000
0.000000
0.000000
0.000000
0.000000
0.000000
0.000000
0.000000
0.165049
0.055668
0.000000
0.003989
0.000000
0.000000
0.000000
0.000000
0.000000
0.001195
0.015345
0.001564
0.001570
0.130285
0.003514
0.044994
0.005128
0.024068
0.004297
0.014737
0.099913
0.033025
0.008866
0.021522
0.055256
0.010945
0.037906
0.011348
0.000531
0.000000
0.000000
0.000000
0.000000
0.000000
0.000000
0.004847
0.000000
0.000000
0.000000
0.024927
0.003314
0.023288
0.000000
0.060059
0.001498
0.046152
0.006972
0.050471
0.007627
0.020130
0.000000
0.000000
0.000000
0.000000
0.000000
0.000000
0.000000
0.000000
0.000000
0.000000
0.000000
0.000000
0.000000
0.000000
0.000000
0.000000
0.000000
0.000000
0.000000
0.000000
0.000000
0.000000
