0 8 0 0 0 0 0 1204 0 9 2 12 81 0 18 0 0 0 0 0 0 0 0 40 8 0 161 9 174 508 77 11 230 432 0 0 0 0 0 0 0 
0 0 0 0 0 0 0 255 0 5 14 41 286 0 0 68 0 0 0 0 0 0 0 0 31 0 0 0 20 0 0 0 16 0 0 0 0 0 0 0 0 
0 0 0 0 0 0 0 0 0 0 2 6 19 0 0 5 0 0 0 0 0 3 1 4 16 0 0 0 0 0 0 0 0 0 0 0 0 0 0 0 0 
0 0 0 0 0 0 0 368 0 0 0 0 0 0 0 0 0 0 0 0 0 12 14 18 3 17 4 0 40 0 7 1 20 0 0 0 0 0 0 0 0 
0 0 0 0 0 0 0 1627 0 0 133 64 9 0 0 0 0 0 0 0 0 0 3 2 4 1 1 0 6 0 19 165 77 25 0 0 0 0 0 0 0 
0 0 0 0 0 0 0 117 0 0 586 2004 115 0 0 2 0 1 0 0 0 4 6 132 340 0 133 0 16 7 14 581 17 42 99 0 0 0 0 0 0 
0 0 0 0 0 0 0 48 0 0 75 428 1696 1032 0 24 0 0 0 0 12 40 55 54 107 0 172 0 28 12 12 116 0 4 29 0 0 0 0 0 0 
0 0 0 0 0 0 0 22 0 0 161 52 154 2922 4430 1 0 0 0 0 0 5 0 0 23 0 16 0 0 0 0 21 1 0 0 0 0 0 0 0 0 
0 0 0 0 0 0 0 3 0 0 10 0 0 0 0 0 0 0 0 0 0 3 11 10 10 0 2 0 8 0 4 60 20 42 1 0 0 0 0 0 0 
0 0 0 0 0 0 0 0 0 0 1 3 0 0 0 0 0 0 19 0 19 0 22 18 26 2 16 3 34 2 8 62 17 7 29 0 0 0 0 0 0 
0 0 0 0 0 0 0 32 0 0 50 16 0 14 10 0 0 0 73 3 154 30 130 53 46 5 70 3 11 31 108 98 29 2 0 0 0 0 0 0 0 
0 0 0 0 0 0 0 0 0 0 0 0 5 21 84 0 0 0 69 7 243 257 1032 1963 486 10 18 0 168 3 113 308 20 0 1 0 0 0 0 0 0 
0 0 0 0 0 0 0 0 0 0 16 21 4 4 15 0 0 0 38 0 3 30 172 177 683 218 877 23 89 19 111 155 73 0 0 0 0 0 0 0 0 
0 0 0 0 0 0 0 0 0 0 10 11 120 846 568 0 0 0 8 6 28 421 413 192 889 705 5265 1797 740 312 508 54 240 51 0 0 0 0 0 0 0 
0 0 0 0 0 0 0 0 0 0 58 0 0 0 0 0 0 0 0 0 0 48 0 23 171 39 2319 2374 9926 391 138 377 107 29 0 0 0 0 0 0 0 
0 8 0 0 0 0 0 0 0 0 1 4 0 0 0 0 0 0 0 0 0 17 3 276 104 0 139 109 546 430 1165 867 740 754 5 0 0 0 0 0 0 
0 73 0 0 0 0 0 0 0 0 26 12 21 0 0 0 0 0 0 4 0 4 353 178 231 135 929 577 2364 785 636 1991 4959 1335 3 0 0 0 0 0 0 
0 0 0 0 0 0 0 0 0 0 0 0 0 0 0 0 0 0 0 0 0 0 0 0 0 0 51 0 149 5 2 0 170 255 0 0 0 0 0 0 0 
0 0 0 0 0 0 0 0 0 0 0 0 0 0 0 0 0 0 0 0 0 0 0 0 0 0 0 0 0 0 0 0 0 0 0 0 0 0 0 0 0 
0 0 0 0 0 0 0 0 0 0 0 0 0 0 0 0 0 0 0 0 0 0 0 0 0 0 0 0 0 0 0 0 0 0 0 0 0 0 0 0 0 
0 0 0 0 0 0 0 0 0 0 0 0 0 0 0 0 0 0 0 0 0 0 0 0 0 0 0 0 0 0 0 0 0 0 0 0 0 0 0 0 0 
