0.000000
0.000000
0.000000
0.000000
0.000000
0.000000
0.000000
0.000000
0.000000
0.000000
0.000000
0.000000
0.000000
0.000000
0.045144
0.000000
0.000000
0.000000
0.000000
0.000000
0.011875
0.016921
0.016143
0.018742
0.012260
0.014956
0.034546
0.042291
0.037124
0.000137
0.000000
0.000000
0.000000
0.000000
0.000000
0.000000
0.000000
0.000000
0.007571
0.000000
0.000000
0.005198
0.010344
0.006284
0.011427
0.020060
0.039244
0.001104
0.019560
0.000088
0.039882
0.001937
0.089872
0.001275
0.082771
0.009993
0.086792
0.059652
0.042484
0.015432
0.007617
0.008059
0.046785
0.034107
0.064328
0.018403
0.018458
0.000000
0.001132
0.000000
0.000000
0.000000
0.000000
0.000000
0.000000
0.000000
0.000000
0.000000
0.000000
0.000000
0.000000
