0.000000
0.000000
0.000000
0.000000
0.000000
0.000000
0.000000
0.000000
0.000000
0.000000
0.000000
0.000000
0.000000
0.000000
0.000000
0.000000
0.077913
0.031658
0.013111
0.007456
0.008133
0.003383
0.000000
0.000000
0.000000
0.000000
0.000000
0.000000
0.000000
0.000000
0.000000
0.000000
0.000000
0.000000
0.000000
0.000000
0.000000
0.000000
0.000000
0.000000
0.008564
0.004126
0.001401
0.000000
0.011151
0.012028
0.044666
0.040363
0.027923
0.042064
0.065910
0.064341
0.118959
0.057930
0.047456
0.051099
0.049913
0.040809
0.037148
0.026297
0.026194
0.023937
0.018382
0.013083
0.011142
0.007415
0.004806
0.001239
0.000000
0.000000
0.000000
0.000000
0.000000
0.000000
0.000000
0.000000
0.000000
0.000000
0.000000
0.000000
0.000000
0.000000
0.000000
0.000000
0.000000
0.000000
0.000000
