880 125 21 0 108 19 0 0 0 0 0 0 20 0 40 0 0 0 0 0 24 61 348 94 0 0 541 48 89 89 157 0 8 0 0 0 0 0 0 0 0 0 
235 16 146 0 53 0 6 0 1 0 0 0 0 0 0 0 0 0 0 0 0 0 239 0 0 0 60 0 0 5 287 0 0 0 0 0 0 0 0 0 0 0 
0 0 126 0 20 0 4 0 0 0 0 0 0 0 0 0 0 0 0 0 0 0 209 0 0 0 273 0 0 0 0 0 0 0 0 0 0 0 0 0 0 0 
9 0 0 0 69 0 0 0 5 0 0 0 0 0 0 0 0 0 0 0 0 0 26 0 0 0 63 0 0 4 120 0 0 0 0 0 0 0 0 0 0 0 
0 0 0 0 0 0 0 0 0 0 0 0 0 0 0 0 0 0 0 0 0 3 23 0 0 0 78 0 0 0 0 0 0 0 0 0 0 0 0 0 0 0 
4 4 8 0 3 0 0 0 9 0 0 6 1 0 0 0 2 27 0 0 0 2 14 0 12 0 142 48 2 0 44 0 0 0 0 0 0 0 0 0 0 0 
12 31 11 0 0 0 0 0 0 0 0 76 721 178 143 2 17 52 3 0 187 49 175 49 2 16 80 24 24 0 4 0 0 0 0 0 0 0 0 0 0 0 
431 1 0 0 5 0 0 0 0 0 0 0 280 243 657 49 228 78 2 0 285 185 267 389 295 126 24 4 3 0 8 0 0 0 0 0 0 0 0 0 0 0 
0 0 0 0 0 0 0 0 0 0 0 2 38 3 176 85 550 381 38 27 138 90 24 56 43 68 112 15 98 0 0 0 0 0 0 0 0 0 0 0 0 0 
0 0 0 0 0 0 0 0 0 0 0 0 6 0 93 15 669 1074 1321 188 978 153 145 279 295 71 266 148 123 0 0 0 0 0 0 0 0 0 0 0 0 0 
165 0 0 0 0 0 0 0 0 0 0 3 9 4 222 24 93 278 1018 306 2845 461 603 115 78 50 41 31 126 0 0 0 0 0 0 0 0 0 0 0 0 0 
159 0 0 0 0 0 0 0 0 0 0 1 35 42 97 37 118 176 56 2 470 1111 5639 990 938 401 445 12 31 0 0 0 0 0 0 0 0 0 0 0 0 0 
7 0 0 0 40 0 0 0 0 0 0 3 62 15 117 12 121 484 45 4 72 70 374 2693 5252 2440 2304 264 481 21 7 0 0 0 0 0 0 0 0 0 0 0 
12 0 0 0 1 0 0 0 0 0 0 0 392 12 319 0 28 530 2 1 206 149 298 299 1046 1349 4913 1386 1156 240 93 0 0 0 0 0 0 0 0 0 0 0 
16 0 0 0 166 0 0 0 2 0 0 0 1 0 0 0 3 37 0 4 108 7 13 29 300 166 851 1765 6384 2429 583 0 0 0 0 0 0 0 0 0 0 0 
0 0 0 0 0 0 0 0 0 0 0 0 0 0 0 0 0 0 0 0 0 0 0 0 308 92 380 367 636 1352 1361 0 0 0 0 0 0 0 0 0 0 0 
0 0 0 0 0 0 0 0 0 0 0 0 0 0 0 0 0 0 0 0 0 0 0 0 0 0 0 0 0 0 0 0 0 0 0 0 0 0 0 0 0 0 
0 0 0 0 0 0 0 0 0 0 0 0 0 0 0 0 0 0 0 0 0 0 0 0 0 0 0 0 0 0 0 0 0 0 0 0 0 0 0 0 0 0 
0 0 0 0 0 0 0 0 0 0 0 0 0 0 0 0 0 0 0 0 0 0 0 0 16 0 0 16 0 0 0 0 0 0 0 0 0 0 0 0 0 0 
0 0 0 0 0 0 0 0 0 0 0 0 0 0 0 0 0 8 0 0 0 0 0 8 0 0 0 0 0 0 0 0 0 0 0 0 0 0 0 0 0 0 
0 0 0 0 0 0 0 0 0 0 0 0 0 0 0 0 0 0 0 0 0 0 0 0 0 0 0 0 0 0 0 0 0 0 0 0 0 0 0 0 0 0 
