0.000000
0.000000
0.000000
0.000000
0.000000
0.000000
0.000000
0.000000
0.000000
0.000000
0.000000
0.000000
0.000000
0.000000
0.000000
0.000000
0.004738
0.000000
0.000003
0.000000
0.016321
0.034073
0.044652
0.020448
0.000766
0.000000
0.000000
0.000172
0.001154
0.008785
0.118677
0.042032
0.078948
0.010305
0.013202
0.037180
0.070569
0.020003
0.041762
0.024172
0.036633
0.032124
0.019285
0.020792
0.030674
0.014226
0.041326
0.028302
0.037663
0.023097
0.034261
0.048862
0.030820
0.005040
0.004175
0.004760
0.000000
0.000000
0.000000
0.000000
0.000000
0.000000
0.000000
0.000000
0.000000
0.000000
0.000000
0.000000
0.000000
0.000000
0.000000
0.000000
0.000000
0.000000
0.000000
0.000000
0.000000
0.000000
0.000000
0.000000
0.000000
0.000000
0.000000
0.000000
0.000000
0.000000
0.000000
0.000000
0.000000
0.000000
0.000000
0.000000
