0 0 0 0 0 0 0 0 0 0 0 0 0 0 0 0 0 0 0 0 0 0 0 5096 0 173 19914 3760 241 0 0 0 0 0 327 349 0 0 0 0 0 0 0 0 0 125 14 131 90 0 0 0 0 0 0 0 0 0 20 0 0 0 0 0 0 0 0 0 0 0 0 0 
0 0 0 0 0 0 0 0 0 0 0 0 0 0 0 0 0 0 0 0 0 0 0 0 0 0 0 0 0 0 0 0 0 308 1204 317 4 19 0 0 0 0 0 0 221 225 63 24 243 0 0 0 0 0 0 0 0 0 28 0 0 0 0 0 0 0 0 0 0 0 0 0 
0 0 0 0 0 0 0 0 0 0 0 0 13246 0 0 0 0 0 0 0 0 0 0 0 0 7 27 0 0 0 0 0 0 0 0 0 0 0 0 0 0 0 0 0 0 0 0 0 0 0 0 0 0 0 0 0 0 0 0 0 0 0 0 0 0 0 0 0 0 0 0 0 
0 0 0 0 0 0 0 0 0 0 0 0 54162 338 0 0 0 0 0 0 0 0 0 0 0 82 8708 0 63 0 0 0 0 16 16 0 0 0 0 0 0 0 0 0 0 0 0 0 0 0 0 0 0 0 0 0 104 7 24 0 0 0 0 0 0 0 0 0 0 0 0 0 
0 0 0 0 0 0 0 0 0 0 0 0 1414 366 0 0 0 0 0 0 0 0 0 0 10 32 442 0 0 32 0 2 18 12 0 48 0 0 0 0 0 0 0 0 7 28 0 53 0 0 0 0 0 0 0 0 8 0 24 0 0 0 0 0 0 0 0 0 0 0 0 0 
0 0 0 0 0 0 0 0 0 0 0 0 24 0 0 0 0 0 0 0 0 0 0 0 0 0 1888 0 8 0 0 0 0 0 331 159 0 226 0 0 0 0 0 0 112 4 53 54 19 0 18 0 0 0 0 0 0 0 144 0 0 0 0 0 0 0 0 0 0 0 0 0 
0 0 0 0 0 0 0 0 0 0 0 0 4447 203 0 0 0 0 0 0 0 0 0 1708 370 2531 13809 1421 2212 507 741 19 4 0 0 0 0 0 0 0 0 0 0 0 0 0 0 0 9 16 24 0 0 0 64 0 19 0 168 89 23 0 0 0 0 0 0 0 0 0 0 0 
0 0 0 0 0 0 0 0 0 0 0 0 7543 0 0 0 0 0 0 0 0 0 0 0 23 51 13897 1298 13611 8453 10063 1075 586 632 830 96 3 44 0 0 19 17 1 0 36 0 0 0 182 0 0 0 0 0 103 55 419 56 11 0 0 0 0 0 0 0 0 0 0 0 0 0 
0 0 0 0 0 0 0 0 0 0 0 0 208 0 0 0 0 0 0 0 0 0 0 0 0 0 227 0 180 1400 7230 6181 2045 1665 4212 169 431 522 0 0 0 8 106 71 4 0 3 72 100 0 51 0 0 0 303 209 309 74 140 0 0 0 0 0 0 0 0 0 0 0 0 0 
0 0 0 0 0 0 0 0 0 0 0 0 160 0 0 0 0 0 0 0 0 0 0 0 0 2 3 0 0 0 99 37 30 482 2485 6307 3526 2403 38 93 356 0 14 0 382 63 0 39 91 0 0 0 0 0 20 0 96 340 479 280 63 0 0 0 0 0 0 0 0 0 0 0 
0 0 0 0 0 0 0 0 0 0 0 0 142 0 0 0 0 0 0 0 0 0 0 0 0 0 2 0 0 0 154 30 29 199 174 479 2 86 0 335 2526 5795 4123 591 100 40 83 60 0 99 549 0 0 0 68 0 70 29 43 0 0 0 0 0 0 0 0 0 0 0 0 0 
0 0 0 0 0 0 0 0 0 0 0 0 0 0 0 0 0 0 0 0 0 0 0 0 0 0 0 0 0 0 0 0 10 13 4 152 6 19 14 27 80 0 360 216 4706 607 1029 854 37 622 799 0 0 0 0 68 0 0 161 320 601 15 0 0 0 0 0 0 0 0 0 0 
0 0 0 0 0 0 0 0 0 0 0 0 0 0 0 0 0 0 0 0 0 0 0 0 0 0 0 0 0 0 0 0 0 0 0 32 0 0 0 0 0 0 7 0 94 36 398 259 33 1886 1491 0 0 3 563 3 48 87 288 70 277 25 0 0 0 0 0 0 0 0 0 0 
0 0 0 0 0 0 0 0 0 0 0 0 232 0 0 0 0 0 0 0 0 0 0 307 66 66 454 157 75 160 399 6 0 111 21 24 0 0 0 49 73 111 0 0 30 0 127 0 2984 16 2748 0 514 8 312 0 103 0 175 0 67 13 0 0 0 0 0 0 0 0 0 0 
0 0 0 0 0 0 0 0 0 0 0 0 1109 6 0 0 0 0 0 0 0 0 0 0 0 0 642 0 3 0 169 7 0 108 322 94 0 0 0 14 316 821 570 10 267 0 79 0 4 187 874 0 135 18 2735 275 1406 1508 3106 1270 1770 703 0 0 0 0 0 0 0 0 0 0 
0 0 0 0 0 0 0 0 0 0 0 0 57 0 0 0 0 0 0 0 0 0 0 0 0 0 1236 0 0 0 0 7 4 0 1603 205 0 0 0 535 867 572 5 0 54 0 24 0 0 88 685 0 40 55 234 0 723 698 5583 2958 5653 898 0 0 0 0 0 0 0 0 0 0 
0 0 0 0 0 0 0 0 0 0 0 0 0 0 0 0 0 0 0 0 0 0 0 0 0 0 0 0 0 0 0 0 0 0 0 128 0 0 0 0 0 0 0 0 0 0 0 14 4 4 553 0 0 0 0 0 0 0 1991 442 160 0 0 0 0 0 0 0 0 0 0 0 
0 0 0 0 0 0 0 0 0 0 0 0 0 0 0 0 0 0 0 0 0 0 0 0 0 0 0 0 0 0 0 0 0 0 0 0 0 0 0 0 0 0 0 0 0 0 0 0 0 0 0 0 0 0 0 0 0 0 0 0 0 0 0 0 0 0 0 0 0 0 0 0 
