0.000000
0.000000
0.000000
0.000000
0.000000
0.000000
0.162516
0.000000
0.000146
0.000000
0.000000
0.000000
0.000000
0.000000
0.000000
0.000000
0.000000
0.000000
0.000000
0.000000
0.000000
0.000000
0.000000
0.000000
0.000000
0.000000
0.004115
0.017455
0.063038
0.038381
0.083442
0.068355
0.072552
0.057647
0.068901
0.183284
0.028082
0.025816
0.003770
0.034174
0.000107
0.000000
0.008572
0.007001
0.003047
0.002349
0.023800
0.002026
0.005677
0.004551
0.006025
0.008157
0.010628
0.003786
0.000000
0.000000
0.000000
0.000000
0.000000
0.000000
0.000000
0.000000
0.000000
0.000000
0.000000
0.000000
0.000000
0.000000
0.002602
0.000000
0.000000
0.000000
0.000000
0.000000
0.000000
0.000000
0.000000
0.000000
0.000000
0.000000
