0.000000
0.000000
0.000000
0.000000
0.000000
0.087102
0.031088
0.000000
0.000000
0.000000
0.000000
0.000000
0.000000
0.000000
0.000000
0.000000
0.000000
0.000000
0.000000
0.000000
0.000000
0.000000
0.000907
0.000000
0.000000
0.000000
0.002729
0.000000
0.013254
0.000000
0.057946
0.000253
0.062839
0.023077
0.105726
0.038654
0.006527
0.012486
0.034250
0.033304
0.008546
0.010334
0.051643
0.011926
0.025157
0.011300
0.001254
0.000032
0.000000
0.000000
0.017713
0.007923
0.039588
0.008380
0.038139
0.007032
0.058218
0.000000
0.024477
0.000000
0.000000
0.000000
0.000301
0.000000
0.000000
0.000000
0.047845
0.023449
0.063183
0.000000
0.033414
0.000000
0.000000
0.000000
0.000000
0.000000
0.000000
0.000000
0.000000
0.000000
0.000000
0.000000
0.000000
0.000000
0.000000
0.000000
0.000000
0.000000
0.000000
0.000000
0.000000
0.000000
0.000000
0.000000
0.000000
0.000000
0.000000
