0.000000
0.000000
0.000000
0.000000
0.000000
0.000000
0.000000
0.000000
0.000000
0.000000
0.000000
0.000000
0.000000
0.000000
0.000000
0.000000
0.045681
0.039738
0.070158
0.041112
0.020071
0.000000
0.000000
0.000000
0.000000
0.000000
0.000000
0.000000
0.000000
0.000000
0.000000
0.000877
0.064774
0.112886
0.000799
0.004067
0.021771
0.007818
0.136973
0.011853
0.046991
0.008885
0.033927
0.035176
0.044429
0.000000
0.000000
0.000000
0.000000
0.000000
0.000000
0.000000
0.002812
0.000000
0.026525
0.010293
0.024206
0.000624
0.083344
0.000000
0.010140
0.011582
0.059332
0.000000
0.020511
0.002647
0.000000
0.000000
0.000000
0.000000
0.000000
0.000000
0.000000
0.000000
0.000000
0.000000
0.000000
0.000000
0.000000
0.000000
0.000000
0.000000
0.000000
0.000000
0.000000
0.000000
0.000000
