0 0 0 0 0 0 0 0 0 0 0 0 0 0 0 0 0 0 3514 0 0 0 666 0 369 0 0 0 0 0 0 0 0 0 0 0 325 129 1 0 23 186 0 0 0 0 287 572 731 707 1590 316 0 0 0 1 86 30 409 1537 361 0 0 0 0 0 0 0 0 0 0 0 0 0 0 0 0 0 0 0 0 0 0 0 0 0 0 
0 0 0 0 0 0 0 0 0 0 0 0 0 0 0 0 0 0 1210 0 29 128 1039 1 83 0 0 0 0 0 0 0 0 0 0 0 0 87 191 116 415 415 0 0 0 0 117 318 972 257 855 0 0 0 0 1 125 178 471 668 68 0 0 0 0 0 0 0 0 0 0 0 0 0 0 0 0 0 0 0 0 0 0 0 0 0 0 
0 0 0 0 0 0 0 0 0 0 0 0 0 0 0 0 0 0 102 0 0 0 0 0 0 0 0 0 0 0 0 0 0 0 0 0 16 24 32 26 27 0 0 0 0 0 8 73 622 681 888 214 0 0 0 0 52 12 60 106 33 0 0 0 0 0 0 0 0 0 0 0 0 0 0 0 0 0 0 0 0 0 0 0 0 0 0 
0 0 0 0 0 0 0 0 0 0 0 0 0 0 0 0 0 0 270 0 0 0 0 0 18 0 0 0 0 0 0 0 0 0 0 0 39 1 0 0 0 10 0 0 0 0 66 227 115 359 1356 301 0 0 0 0 16 64 255 297 30 0 0 0 0 0 0 0 0 0 0 0 0 0 0 0 0 0 0 0 0 0 0 0 0 0 0 
0 0 0 0 0 0 0 0 0 0 0 0 0 0 0 0 0 0 232 0 0 0 0 0 0 0 0 0 0 0 0 0 0 0 0 0 16 31 19 0 4 4 0 0 0 0 150 137 78 6 104 63 0 0 0 0 106 59 735 137 422 0 0 0 0 1 35 0 0 0 0 0 0 29 0 0 0 0 0 0 0 0 0 0 0 0 0 
0 0 0 0 0 0 0 0 0 0 0 0 0 0 0 0 0 0 387 286 2176 1313 749 30 259 0 0 0 0 0 0 0 0 0 0 0 370 0 32 32 0 0 0 0 0 0 476 262 740 47 350 0 1 0 251 675 506 48 16 1 49 0 0 0 0 0 0 0 0 0 0 0 0 0 0 0 0 0 0 0 0 0 0 0 0 0 0 
0 0 0 0 0 0 0 0 0 0 0 0 0 0 0 0 0 0 232 0 0 85 25 22 346 0 0 0 0 0 0 0 0 0 0 0 508 39 198 79 225 0 0 0 0 0 1 22 168 836 179 0 0 0 47 0 101 246 188 10 10 3 45 41 6 76 6 0 0 0 0 0 0 0 0 0 0 0 0 0 0 0 0 0 0 0 0 
0 0 0 0 0 0 0 0 0 0 0 0 0 0 0 0 0 0 0 0 0 0 0 0 0 0 0 0 0 0 0 0 0 0 0 0 48 16 4 33 17 0 0 0 0 0 94 190 104 62 239 0 18 2 66 0 57 55 13 6 0 0 0 0 0 0 0 0 0 0 0 0 0 0 0 0 0 0 0 0 0 0 0 0 0 0 0 
0 0 0 0 0 0 0 0 0 0 0 0 0 0 0 0 0 0 0 0 0 0 0 0 0 0 0 0 0 0 2122 440 2382 2838 3801 572 0 0 31 197 160 1 0 0 0 0 32 314 82 69 32 0 0 0 0 0 0 0 0 27 12 0 100 1 92 68 111 0 116 0 0 0 0 0 0 0 0 0 0 0 0 0 0 0 0 0 0 
0 0 0 0 0 0 0 0 0 0 0 0 0 0 0 0 0 0 112 0 0 0 0 0 0 0 0 0 0 0 0 0 321 595 3967 3014 4058 2653 2003 750 386 293 616 531 415 409 230 189 0 49 392 282 3 0 0 1 272 820 300 29 0 0 0 0 31 1 22 0 0 0 0 0 0 8 0 0 0 0 0 0 0 0 0 0 0 0 0 
0 0 0 0 0 0 0 0 0 0 0 0 0 0 0 0 0 0 0 0 0 32 0 0 0 0 0 0 0 0 0 0 0 191 652 357 255 183 348 603 394 138 184 95 59 173 119 179 31 297 243 0 32 0 0 10 125 136 387 70 30 0 14 1 12 21 42 3 56 0 0 0 0 0 0 0 0 0 0 0 0 0 0 0 0 0 0 
0 0 0 0 0 0 0 0 0 0 0 0 0 0 0 0 0 0 0 0 0 0 0 0 0 0 0 0 0 0 0 0 0 0 42 372 568 196 426 295 258 135 75 182 324 431 723 366 150 720 53 50 161 0 66 31 11 16 0 49 242 0 150 0 148 0 0 0 0 0 0 0 0 0 0 0 0 0 0 0 0 0 0 0 0 0 0 
0 0 0 0 0 0 0 0 0 0 0 0 0 0 0 0 0 0 0 0 0 31 0 0 0 0 0 0 0 0 0 0 0 165 186 338 552 183 96 47 24 30 103 42 164 201 1356 2915 2260 2812 1841 877 278 174 733 783 626 173 138 43 1 0 758 52 591 139 410 142 666 30 277 89 122 0 0 0 0 0 0 0 0 0 0 0 0 0 0 
0 0 0 0 0 0 0 0 0 0 0 0 0 0 0 0 0 0 0 0 0 38 0 0 0 0 0 0 0 0 0 0 0 383 1802 1117 205 8 21 235 179 155 62 60 62 45 764 761 1580 2206 4437 5231 5286 3478 3789 1037 869 483 842 273 274 245 596 184 296 0 72 0 43 29 148 19 143 629 26 0 0 0 0 0 0 0 0 0 0 0 0 
0 0 0 0 0 0 0 0 0 0 0 0 0 0 0 0 0 0 0 0 7 700 0 0 0 0 0 0 0 0 0 0 0 0 0 0 123 34 85 10 15 6 0 0 0 117 529 228 609 182 801 1118 2129 2768 8855 11065 12029 7508 5883 627 919 454 620 618 1178 223 323 338 381 47 7 0 0 40 0 0 0 0 0 0 0 0 0 0 0 0 0 
0 0 0 0 0 0 0 0 0 0 0 0 0 0 0 0 0 0 0 0 0 0 0 0 0 0 0 0 0 0 0 0 0 0 0 0 0 0 0 0 0 0 0 0 0 0 46 54 128 290 52 18 17 0 247 335 1338 1689 3844 2785 2119 905 1939 832 1512 1614 1191 718 759 175 17 0 0 0 0 0 0 0 0 0 0 0 0 0 0 0 0 
0 0 0 0 0 0 0 0 0 0 0 0 0 0 0 0 0 0 0 0 0 0 0 0 0 0 0 0 0 0 0 0 0 0 0 0 0 0 0 0 0 0 0 0 0 0 84 82 65 21 8 41 106 0 89 17 80 513 823 162 931 1053 3862 1934 7146 3570 3125 1540 2367 1523 1644 591 80 95 0 0 0 0 0 0 0 0 0 0 0 0 0 
0 0 0 0 0 0 0 0 0 0 0 0 0 0 0 0 0 0 0 0 0 0 0 0 0 0 0 0 0 0 0 0 0 0 0 0 0 0 0 0 0 0 0 0 0 0 0 0 0 0 0 0 0 0 0 0 0 0 0 0 0 238 646 12 1805 382 2428 2916 4760 3728 3143 2239 2691 2885 1131 84 0 0 0 0 0 0 0 0 0 0 0 
0 0 0 0 0 0 0 0 0 0 0 0 0 0 0 0 0 0 0 0 0 0 0 0 0 0 0 0 0 0 0 0 0 0 0 0 0 0 0 0 0 0 0 0 0 0 0 0 0 0 0 0 0 0 0 0 0 0 0 0 0 313 64 0 57 102 226 178 342 504 1450 2300 3375 8864 3543 2711 99 0 0 0 0 0 0 0 0 0 0 
0 0 0 0 0 0 0 0 0 0 0 0 0 0 0 0 0 0 0 0 0 0 0 0 0 0 0 0 0 0 0 0 0 0 0 0 0 0 0 0 0 0 0 0 0 0 0 0 0 0 0 0 0 0 0 0 0 0 0 0 0 0 0 0 0 0 0 0 0 0 0 0 0 182 25 930 47 0 0 0 0 0 0 0 0 0 0 
0 0 0 0 0 0 0 0 0 0 0 0 0 0 0 0 0 0 0 0 0 0 0 0 0 0 0 0 0 0 0 0 0 0 0 0 0 0 0 0 0 0 0 0 0 0 0 0 0 0 0 0 0 0 0 0 0 0 0 0 0 0 0 0 0 0 0 0 0 0 0 0 0 0 0 0 0 0 0 0 0 0 0 0 0 0 0 
0 0 0 0 0 0 0 0 0 0 0 0 0 0 0 0 0 0 0 0 0 0 0 0 0 0 0 0 0 0 0 0 0 0 0 0 0 0 0 0 0 0 0 0 0 0 0 0 0 0 0 0 0 0 0 0 0 0 0 0 0 0 0 0 0 0 0 0 0 0 0 0 0 0 0 0 0 0 0 0 0 0 0 0 0 0 0 
