0 0 0 88 0 0 0 0 0 0 0 0 0 0 0 0 0 0 0 8 0 96 17 4 99 0 297 0 0 0 0 0 0 576 639 0 0 0 0 0 0 0 0 0 0 0 0 0 0 
2 0 0 6321 0 0 0 0 0 0 0 37 0 5 24 35 1 0 0 156 0 358 12 0 0 0 102 0 0 0 0 0 0 3 0 0 0 0 0 0 0 0 0 0 0 0 0 0 0 
4 0 13 1370 0 1 3 0 0 0 0 0 0 0 28 18 0 0 0 28 0 9 7 0 0 1 103 0 15 0 0 0 0 0 0 0 0 0 0 0 0 0 0 0 0 0 0 0 0 
0 0 0 0 0 2 0 0 82 0 2 2 0 0 0 0 0 0 0 34 0 44 94 0 0 0 4 0 0 0 0 0 0 0 0 0 0 0 0 0 0 0 0 0 0 0 0 0 0 
0 0 0 0 0 0 0 0 0 0 0 0 0 0 0 0 0 0 0 0 0 0 0 0 0 0 0 0 0 0 0 0 0 0 0 0 0 0 0 0 0 0 0 0 0 0 0 0 0 
0 0 1 159 0 6 0 0 123 0 31 7 0 1 1 18 6 34 0 24 2 38 151 0 0 0 28 2 0 0 0 0 0 0 0 0 0 0 0 0 0 0 0 0 0 0 0 0 0 
0 0 0 266 0 0 0 0 0 0 3 46 0 2 212 27 0 0 0 1 0 3 0 0 0 0 0 0 0 0 0 0 0 0 0 0 0 0 0 0 0 0 0 0 0 0 0 0 0 
0 0 0 39 0 0 0 0 39 0 0 0 0 0 515 608 169 0 0 0 0 70 474 99 11 0 84 0 0 0 0 0 0 12 0 0 0 0 0 0 0 0 0 0 0 0 0 0 0 
0 0 0 165 0 0 0 0 0 0 20 3 1 2 1162 1274 7875 2142 399 9 6 42 0 0 2 195 650 655 38 0 0 0 0 0 0 0 0 0 0 0 0 0 0 0 0 0 0 0 0 
0 0 0 46 0 0 0 0 0 0 0 0 0 0 0 0 703 4803 1388 2788 168 53 0 0 20 32 109 4 37 0 41 0 0 0 0 0 0 0 0 0 0 0 0 0 0 0 0 0 0 
0 0 0 5 0 0 0 0 0 0 1 0 0 0 68 15 98 489 59 1678 776 869 12 0 12 0 28 2 0 0 0 0 164 0 164 0 0 0 0 0 0 0 0 0 0 0 0 0 0 
0 0 0 325 0 0 0 0 47 0 14 0 0 0 25 1 316 900 109 132 116 1818 1024 7 124 1 26 47 10 0 6 0 0 0 0 0 0 0 0 0 0 0 0 0 0 0 0 0 0 
0 0 0 0 0 0 0 0 0 0 0 0 0 0 0 0 34 70 51 14 42 0 12 0 471 50 503 14 27 0 67 0 0 163 42 0 0 0 0 0 0 0 0 0 0 0 0 0 0 
0 0 10 117 0 0 33 0 1 0 0 0 0 0 176 20 48 580 196 1152 385 183 132 1 61 475 3011 959 422 0 270 0 0 0 0 0 0 0 0 0 0 0 0 0 0 0 0 0 0 
0 0 0 0 0 0 0 0 0 0 0 0 0 0 0 19 5 7 0 0 18 21 278 0 0 27 204 543 3409 0 673 0 515 232 121 0 0 0 0 0 0 0 0 0 0 0 0 0 0 
0 0 0 63 0 0 0 0 0 0 5 6 0 0 0 0 10 118 0 138 0 238 0 0 0 34 58 0 65 0 17 0 0 0 0 0 0 0 0 0 0 0 0 0 0 0 0 0 0 
0 0 0 0 0 0 0 0 0 0 0 0 0 0 0 0 0 0 0 0 0 0 0 0 39 0 231 0 205 0 154 0 135 755 1897 0 0 0 0 0 0 0 0 0 0 0 0 0 0 
0 0 0 0 0 0 0 0 0 0 0 0 0 0 0 0 0 0 0 0 0 0 0 0 0 0 0 0 34 0 57 0 1858 328 5032 107 0 0 0 0 0 0 0 0 0 0 0 0 0 
0 0 0 32 0 0 0 0 0 0 0 0 0 0 0 0 0 0 0 66 0 6 0 0 0 0 0 0 0 0 0 0 0 0 365 3 0 0 0 0 0 0 0 0 0 0 0 0 0 
0 0 0 0 0 0 0 0 0 0 0 0 0 0 0 0 0 0 0 0 0 0 0 0 0 0 0 0 0 0 0 0 0 0 0 0 0 0 0 0 0 0 0 0 0 0 0 0 0 
0 0 0 52 0 0 0 0 0 0 0 0 0 0 61 7 0 0 0 36 0 0 0 0 0 0 92 0 0 0 0 0 0 0 0 0 0 0 0 0 0 0 0 0 0 0 0 0 0 
0 0 0 0 0 0 0 0 0 0 0 0 0 0 0 0 0 0 0 0 0 0 0 0 0 0 0 0 0 0 0 0 0 0 0 0 0 0 0 0 0 0 0 0 0 0 0 0 0 
0 0 0 0 0 0 0 0 0 0 0 0 0 0 0 0 0 0 0 0 0 0 0 0 0 0 0 0 0 0 0 0 0 0 0 0 0 0 0 0 0 0 0 0 0 0 0 0 0 
0 0 0 0 0 0 0 0 0 0 0 0 0 0 0 0 0 0 0 0 0 0 0 0 0 0 0 0 0 0 0 0 0 0 0 0 0 0 0 0 0 0 0 0 0 0 0 0 0 
0 0 0 0 0 0 0 0 0 0 0 0 0 0 0 0 0 0 0 0 0 0 0 0 0 0 0 0 0 0 0 0 0 0 0 0 0 0 0 0 0 0 0 0 0 0 0 0 0 
