0 0 0 0 0 0 0 0 0 0 6448 0 0 0 0 0 0 0 0 436 0 0 2636 0 0 0 0 0 0 0 0 0 595 8446 2359 0 0 0 28 0 0 288 717 319 0 0 0 0 0 0 0 0 0 0 0 452 221 0 57 0 1702 0 0 0 0 0 
0 0 0 0 0 0 0 0 0 0 1408 0 0 0 0 0 0 0 0 0 0 0 0 0 0 0 0 0 0 0 0 0 0 0 482 0 0 0 0 0 0 0 256 128 1165 0 0 0 0 490 64 0 0 0 0 65 1025 0 0 0 37 0 0 0 0 0 
0 0 0 0 0 0 0 0 0 0 15122 0 0 0 0 0 0 0 0 200 0 0 0 0 0 0 0 0 0 0 0 0 0 0 0 0 0 0 6 0 195 0 148 168 443 0 0 0 0 9 0 0 0 0 0 22 125 0 10 0 0 0 0 0 0 0 
0 0 0 0 0 0 0 0 0 0 479 0 0 0 0 0 0 0 0 113 0 0 0 0 0 0 0 0 0 0 0 0 0 0 0 0 0 0 16 0 0 0 7 25 23 0 0 0 0 3 0 0 0 0 0 88 94 0 80 0 864 0 0 0 0 0 
0 0 0 0 0 0 0 0 0 0 8980 0 0 0 0 0 0 0 0 13943 0 0 3427 0 0 0 0 0 0 0 4 5 0 0 38 3 0 0 0 0 0 0 0 0 0 0 0 0 0 32 20 0 0 0 0 0 76 0 0 0 0 0 0 0 0 0 
0 0 0 0 0 0 0 0 0 0 6278 0 0 0 0 0 0 0 171 26990 3042 0 2046 0 0 0 0 0 17 0 13 0 1698 5666 6332 240 215 125 982 59 57 4 66 49 214 0 0 0 0 168 144 14 175 0 0 162 257 0 16 0 0 0 0 0 0 0 
0 0 0 0 0 0 0 0 0 0 42 0 0 0 0 0 0 0 0 327 144 0 4171 0 0 0 0 0 0 0 0 0 2 0 0 0 0 42 207 38 28 6 20 1 48 0 0 0 0 0 13 15 16 0 0 70 26 0 32 0 0 0 0 0 0 0 
0 0 0 0 0 0 0 0 0 0 0 0 0 0 0 0 0 0 0 2612 0 0 9055 0 0 0 0 5 228 27 1206 213 227 1613 127 0 20 0 124 0 0 0 25 8 31 0 0 0 0 0 31 0 0 0 0 0 0 0 0 0 0 0 0 0 0 0 
0 0 0 0 0 0 0 0 0 0 0 0 0 0 0 0 0 0 0 813 33 0 1042 0 0 0 0 0 1 0 2537 30 4247 4917 3962 1024 3030 169 101 6 27 29 198 1 64 0 0 0 0 16 25 0 0 0 0 0 0 0 0 0 0 0 0 0 0 0 
0 0 0 0 0 0 0 0 0 0 587 0 0 0 0 0 0 0 0 2084 473 0 109 0 0 0 0 0 9 15 2090 1035 614 564 1603 1526 7423 6906 7393 2535 395 127 190 180 359 0 0 0 1 44 251 458 184 17 0 0 12 0 0 0 32 0 0 0 0 0 
0 0 0 0 0 0 0 0 0 0 1419 0 0 0 0 0 0 0 496 1 59 0 0 0 0 0 0 0 0 0 216 0 0 0 5777 48 1645 607 3523 4481 4261 5021 6308 1337 745 4 142 90 325 94 547 418 459 53 68 0 0 0 0 0 0 0 0 0 0 0 
0 0 0 0 0 0 0 0 0 0 0 0 0 0 0 0 0 0 0 0 0 0 0 0 0 0 0 0 0 0 0 0 0 0 0 0 25 187 483 256 440 301 5434 2770 1484 394 593 748 319 24 29 3 114 57 99 0 0 0 0 0 0 0 0 0 0 0 
0 0 0 0 0 0 0 0 0 0 251 0 0 0 0 0 0 0 0 50 80 0 0 0 0 0 0 0 0 0 0 0 0 0 42 0 0 25 149 209 247 558 560 242 140 71 1021 4321 6335 4716 4421 210 249 463 2886 534 9 51 0 0 0 0 0 0 0 0 
0 0 0 0 0 0 0 0 0 0 0 0 0 0 0 0 0 0 0 1332 1301 0 0 0 0 0 0 0 0 0 0 0 0 0 0 0 0 0 0 0 80 86 0 0 0 9 109 695 1221 581 3797 2139 3968 4012 4258 924 281 132 3 0 0 0 0 0 0 0 
0 0 0 0 0 0 0 0 0 0 0 0 0 0 0 0 0 0 0 0 92 0 0 0 0 0 0 0 0 0 0 0 0 0 0 0 0 0 53 0 522 17 0 0 107 482 818 229 407 193 908 890 1271 1032 4199 3538 4555 1 1161 0 325 0 0 0 0 0 
0 0 0 0 0 0 0 0 0 0 0 0 0 0 0 0 0 0 0 0 0 0 0 0 0 0 0 0 0 0 0 0 0 0 0 0 0 0 0 0 0 0 0 0 0 0 0 0 0 0 16 0 0 0 2856 0 7 0 2075 0 998 0 0 0 0 0 
0 0 0 0 0 0 0 0 0 0 0 0 0 0 0 0 0 0 0 0 0 0 0 0 0 0 0 0 0 0 0 0 0 0 0 0 0 0 0 0 0 0 0 0 0 0 0 0 0 0 0 0 0 0 0 0 0 0 0 0 0 0 0 0 0 0 
