0.000000
0.000000
0.000000
0.000000
0.000000
0.000000
0.000000
0.000000
0.000000
0.000000
0.120494
0.000000
0.000000
0.000000
0.000000
0.000000
0.000000
0.000000
0.001938
0.142203
0.015182
0.000000
0.065347
0.000000
0.000000
0.000000
0.000000
0.000015
0.000741
0.000122
0.017629
0.003729
0.021456
0.061627
0.060221
0.008256
0.035914
0.023450
0.038015
0.022095
0.018219
0.018747
0.040480
0.015193
0.014016
0.002790
0.007797
0.017759
0.025089
0.018553
0.030029
0.012052
0.018704
0.016373
0.044458
0.017015
0.019436
0.000535
0.011122
0.000000
0.013200
0.000000
0.000000
0.000000
0.000000
0.000000
