0 126 0 0 95 0 0 0 0 183 0 0 0 0 0 0 499 4 45 0 0 0 0 0 0 0 0 0 0 0 0 0 0 0 16 0 0 0 0 0 0 0 0 0 
0 0 0 0 76 0 0 0 0 0 0 0 0 0 0 0 396 0 0 0 0 0 0 0 0 0 0 0 0 0 0 0 0 0 0 0 0 0 0 0 0 0 0 0 
0 0 0 0 0 283 0 0 0 0 0 0 0 0 0 0 0 0 0 0 141 2663 1193 0 0 0 0 0 0 0 0 0 0 0 0 0 0 0 0 0 0 0 0 0 
0 0 0 0 95 0 0 0 0 0 0 0 0 0 0 0 146 15 0 0 0 0 0 0 0 0 0 0 0 0 0 0 0 0 0 0 0 0 0 0 0 0 0 0 
0 0 0 0 0 0 0 0 1737 5641 0 37 0 0 0 0 831 0 0 0 138 0 0 0 0 0 0 0 0 0 0 0 0 0 0 0 0 0 0 0 0 0 0 0 
0 0 0 0 0 0 0 0 124 3681 1855 0 0 0 0 0 335 0 22 279 598 16 211 0 0 0 0 0 7 0 0 0 0 0 0 0 0 0 0 0 0 0 0 0 
0 0 0 0 0 0 0 0 0 0 0 0 0 0 0 0 0 0 0 0 0 0 0 0 0 0 0 0 0 0 0 0 0 0 0 0 0 0 0 0 0 0 0 0 
0 0 0 0 0 0 0 0 0 11 0 0 0 0 0 0 77 0 0 0 0 0 0 0 0 0 0 0 18 6 0 0 0 0 0 0 0 0 0 0 0 0 0 0 
0 5 0 0 127 0 0 0 864 433 0 0 0 0 0 0 10853 32 181 17 0 0 0 0 0 0 0 0 0 0 0 0 0 0 0 0 0 0 0 0 0 0 0 0 
0 0 0 0 0 0 0 0 416 295 462 0 0 0 0 0 665 19 658 5531 116 0 9 0 0 0 0 13 430 6 36 0 0 0 0 0 0 0 0 0 0 0 0 0 
0 0 0 0 0 0 0 0 486 353 510 0 0 0 0 0 14 35 813 3685 4045 1052 137 0 5 0 13 38 814 75 621 0 0 0 0 0 0 0 0 0 0 0 0 0 
0 0 0 0 0 0 0 0 2 0 129 0 0 0 0 0 0 0 4 55 417 1699 308 0 1 0 48 7 54 11 81 0 0 0 0 0 0 0 0 0 0 0 0 0 
0 0 0 0 0 0 0 0 45 0 0 0 0 0 0 0 0 0 4 146 56 124 204 0 0 19 147 47 93 0 259 0 0 0 0 0 0 0 0 0 0 0 0 0 
0 0 0 0 0 0 0 0 0 0 0 0 0 0 0 0 0 0 5 71 2 0 7 0 0 1 258 75 498 50 321 0 0 0 0 0 0 0 0 0 0 0 0 0 
0 0 0 0 0 0 0 0 0 0 0 0 0 0 0 0 0 0 0 1221 0 0 92 0 0 2 782 454 3027 404 1109 0 5 0 0 0 0 0 0 0 0 0 0 0 
0 0 0 0 0 0 0 0 0 0 0 0 0 0 0 0 0 0 0 93 0 0 1 0 0 0 128 360 804 39 3899 1134 854 0 0 0 0 0 0 0 0 0 0 0 
0 0 0 0 0 0 0 0 0 0 0 0 0 0 0 0 0 0 0 0 0 0 2 0 0 0 61 0 882 0 771 425 1571 0 0 0 0 0 0 0 0 0 0 0 
0 0 0 0 0 0 0 0 0 0 0 0 0 0 0 0 0 0 0 0 0 0 0 0 0 0 0 0 0 0 0 0 0 0 0 0 0 0 0 0 0 0 0 0 
0 0 0 0 0 0 0 0 0 0 0 0 0 0 0 0 2 0 478 9 102 0 0 0 0 0 0 0 0 0 0 0 0 0 65 0 0 0 0 0 0 0 0 0 
0 0 0 0 0 0 0 0 0 0 0 0 0 0 0 0 0 0 0 0 0 0 0 0 0 0 0 0 0 0 0 0 0 0 0 0 0 0 0 0 0 0 0 0 
0 0 0 0 0 0 0 0 0 0 0 0 0 0 0 0 0 0 0 0 0 0 0 0 0 0 0 0 0 0 0 0 0 0 0 0 0 0 0 0 0 0 0 0 
0 0 0 0 0 0 0 0 0 0 0 0 0 0 0 0 0 0 0 0 0 0 0 0 0 0 0 0 0 0 0 0 0 0 0 0 0 0 0 0 0 0 0 0 
