0.000000
0.000000
0.000000
0.000000
0.000000
0.000000
0.000000
0.000000
0.000000
0.000000
0.000000
0.000000
0.000000
0.000000
0.000000
0.053454
0.068108
0.003044
0.000000
0.000000
0.000000
0.000000
0.007443
0.000000
0.000000
0.000314
0.000000
0.000000
0.000000
0.000000
0.000000
0.000000
0.005871
0.012342
0.022961
0.024051
0.033364
0.017123
0.037158
0.025377
0.045005
0.022550
0.002237
0.000000
0.000000
0.000000
0.000000
0.016704
0.035747
0.065514
0.049696
0.039413
0.000000
0.000000
0.000000
0.000000
0.000000
0.000000
0.091982
0.010935
0.022069
0.010575
0.082743
0.000000
0.011258
0.000000
0.096173
0.000000
0.019981
0.000000
0.066806
0.000000
0.000000
0.000000
0.000000
0.000000
0.000000
0.000000
0.000000
0.000000
0.000000
0.000000
0.000000
0.000000
0.000000
