0 0 0 0 0 0 0 0 0 0 0 1 185 707 395 1346 1158 96 48 0 0 
0 0 0 0 0 0 0 16 0 0 0 0 0 2 134 1 71 0 0 0 0 
0 0 0 0 63245 3626 409 3 19 40 58 0 0 272 56 0 0 0 0 0 0 
0 0 0 0 719 8782 40245 29748 0 4 0 3 0 35 0 0 0 0 0 0 0 
0 0 0 0 239 0 0 20761 15880 903 1090 46 463 1553 69 4 0 0 32 0 0 
0 0 0 0 509 0 0 16 5 2617 5586 2937 487 3 0 0 15 699 318 0 0 
0 0 0 0 304 0 0 645 330 0 245 6498 49998 14044 160 15 322 0 410 413 0 
0 0 0 0 0 0 0 74 1185 179 0 0 471 14891 10759 2841 0 0 0 0 0 
0 0 0 0 0 0 0 0 40 0 0 0 0 40 544 6510 6360 1536 82 0 0 
0 0 0 0 0 0 0 89 9 0 0 0 0 131 11 0 396 3613 2596 179 0 
0 0 0 0 0 0 0 0 0 0 0 0 0 0 0 0 0 0 0 0 0 
