0.000000
0.000000
0.000000
0.000000
0.000000
0.000000
0.000000
0.000000
0.000000
0.000000
0.000000
0.000000
0.000000
0.000000
0.000000
0.000000
0.000431
0.003889
0.007875
0.007735
0.013604
0.012839
0.022600
0.014589
0.020870
0.035064
0.121978
0.073851
0.073333
0.055350
0.018993
0.007233
0.014881
0.014534
0.017756
0.014599
0.022286
0.013222
0.019097
0.011002
0.024814
0.007609
0.003646
0.004300
0.005629
0.007013
0.015772
0.026197
0.030472
0.020231
0.051267
0.056326
0.061099
0.027539
0.034432
0.006041
0.000000
0.000000
0.000000
0.000000
0.000000
0.000000
0.000000
0.000000
0.000000
0.000000
0.000000
0.000000
0.000000
0.000000
0.000000
0.000000
0.000000
0.000000
0.000000
0.000000
0.000000
0.000000
0.000000
0.000000
0.000000
0.000000
0.000000
0.000000
0.000000
0.000000
0.000000
0.000000
0.000000
0.000000
0.000000
0.000000
0.000000
0.000000
0.000000
0.000000
0.000000
