89 70 150 9 34 0 1 0 43 219 0 101 3 64 0 0 34 0 34 5 0 0 0 0 0 0 0 0 0 0 0 0 0 0 0 0 0 0 0 0 0 0 0 0 0 0 
16 0 114 0 0 0 0 0 5 107 0 14 17 53 0 0 90 0 6 0 0 0 2 0 0 0 0 0 0 0 0 0 0 0 0 0 0 0 0 0 0 0 0 0 0 0 
0 0 0 0 0 0 0 0 0 0 0 0 0 0 0 0 0 0 0 0 0 0 0 0 0 0 0 0 0 0 0 0 0 0 0 0 0 0 0 0 0 0 0 0 0 0 
0 0 0 0 0 0 0 0 0 0 0 0 0 0 0 0 0 0 0 0 0 0 0 0 0 0 0 0 0 0 0 0 0 0 0 0 0 0 0 0 0 0 0 0 0 0 
557 0 0 319 0 79 6 533 14327 7132 170 279 0 652 53 0 11 0 329 66 1 70 294 204 59 157 0 0 0 0 0 6 16 0 0 0 0 0 0 0 0 0 0 0 0 0 
12 0 6 0 10 0 1 21 195 5240 8243 3011 266 53 153 101 32 71 424 109 409 116 23 12 73 0 20 0 0 0 0 0 0 63 0 0 0 0 0 0 0 0 0 0 0 0 
0 0 0 0 0 0 0 0 13 5 276 985 3121 225 29 136 109 140 285 413 196 67 29 14 0 0 10 0 0 0 0 0 0 43 0 0 0 0 0 0 0 0 0 0 0 0 
78 0 1 0 0 0 37 0 141 266 50 58 75 246 565 610 195 16 242 29 20 26 140 118 55 0 94 0 0 0 0 2 0 0 0 0 0 0 0 0 0 0 0 0 0 0 
9 0 0 0 0 0 0 0 20 7 60 55 113 2 103 249 637 56 325 72 27 31 8 60 5 6 73 0 0 0 0 8 0 18 0 0 0 0 0 0 0 0 0 0 0 0 
187 2 2 0 0 57 58 0 25 694 999 306 214 172 440 185 491 362 4977 2503 226 92 190 106 9 21 74 0 0 0 0 0 0 0 0 0 0 0 0 0 0 0 0 0 0 0 
26 0 0 0 0 0 7 0 18 85 129 40 95 3 256 171 48 5 685 1119 685 343 26 42 1 0 0 0 43 0 0 4 0 9 0 0 0 0 0 0 0 0 0 0 0 0 
0 2 1 0 0 0 0 0 210 239 35 61 157 66 51 4 46 10 233 14 22 339 280 87 1 0 8 0 0 0 0 12 15 3 0 0 0 0 0 0 0 0 0 0 0 0 
55 0 0 0 0 73 0 0 24 86 7 72 63 18 1 97 175 33 423 173 103 8 97 330 245 145 92 7 0 0 0 1 0 0 0 0 0 0 0 0 0 0 0 0 0 0 
0 0 0 0 0 0 0 0 16 64 0 0 1 0 48 0 2 0 7 4 2 61 0 8 0 3 0 0 0 0 0 0 0 0 0 0 0 0 0 0 0 0 0 0 0 0 
0 0 0 0 0 0 0 0 0 0 0 0 8 0 0 0 0 0 8 0 0 0 0 0 0 0 0 0 0 0 0 0 0 0 0 0 0 0 0 0 0 0 0 0 0 0 
0 0 0 0 0 0 0 0 112 68 0 8 4 0 34 0 5 8 4 0 0 4 3 1 0 1 0 4 0 0 0 0 16 0 0 0 0 0 0 0 0 0 0 0 0 0 
8 0 0 0 0 0 0 0 38 202 0 0 22 0 0 0 15 0 0 22 0 128 2 9 0 0 0 0 0 0 0 0 20 86 0 0 0 0 0 0 0 0 0 0 0 0 
53 0 0 0 0 0 0 0 19 0 0 0 4 0 0 0 0 0 0 4 0 0 4 12 0 0 0 0 0 0 0 0 0 0 0 0 0 0 0 0 0 0 0 0 0 0 
0 0 0 0 0 0 0 0 0 0 0 11 5 0 0 0 8 2 0 0 0 0 6 0 0 0 0 0 0 0 0 0 0 0 0 0 0 0 0 0 0 0 0 0 0 0 
0 0 0 0 0 0 0 0 0 0 0 0 4 0 0 0 0 0 0 4 0 0 0 0 0 0 0 0 0 0 0 0 0 0 0 0 0 0 0 0 0 0 0 0 0 0 
0 0 0 0 0 0 0 0 0 0 0 0 0 0 0 0 0 0 0 0 0 0 0 0 0 0 0 0 0 0 0 0 0 0 0 0 0 0 0 0 0 0 0 0 0 0 
0 0 0 0 0 0 0 0 0 0 0 0 0 0 0 0 0 0 0 0 0 0 0 0 0 0 0 0 0 0 0 0 0 0 0 0 0 0 0 0 0 0 0 0 0 0 
0 0 0 0 0 0 0 0 0 0 0 0 0 0 0 0 0 0 0 0 0 0 0 0 0 0 0 0 0 0 0 0 0 0 0 0 0 0 0 0 0 0 0 0 0 0 
