0 0 0 0 0 0 0 0 0 0 0 0 0 0 4869 0 0 0 0 0 5 0 0 301 57 0 0 0 0 0 0 0 0 0 0 0 0 0 0 0 0 0 0 0 0 0 0 0 193 0 0 0 0 0 146 685 28 18 1928 971 0 12 1 62 1140 247 1273 0 0 0 0 0 0 0 0 0 0 0 0 0 0 
0 0 0 0 0 0 0 0 0 0 0 0 0 0 1128 0 0 0 0 0 49 82 202 1057 282 0 0 0 0 0 0 0 0 0 0 0 0 0 0 0 0 0 0 0 0 0 0 0 0 0 0 0 0 0 0 64 0 0 16 0 0 0 0 14 50 0 0 0 0 0 0 0 0 0 0 0 0 0 0 0 0 
0 0 0 0 0 0 0 0 0 0 0 0 0 0 0 0 0 0 0 0 4 47 45 96 0 0 0 0 0 0 0 0 0 0 0 0 0 0 0 0 0 0 3 13 0 14 2 0 0 0 0 0 0 0 0 0 0 0 0 0 0 0 0 0 0 0 0 0 0 0 0 0 0 0 0 0 0 0 0 0 0 
0 0 0 0 0 0 0 0 0 0 0 0 0 0 1472 0 0 0 0 0 0 0 0 0 0 0 0 0 0 0 0 0 0 0 0 0 0 0 0 0 0 0 46 18 0 61 3 0 134 1 3 0 0 0 24 144 0 0 0 0 0 26 2 44 38 0 0 0 0 0 0 0 0 0 0 0 0 0 0 0 0 
0 0 0 0 0 0 0 0 0 0 0 0 0 0 6512 0 0 0 0 0 270 605 2 15 1 0 0 0 0 0 0 0 0 0 0 0 0 0 0 0 0 0 0 0 0 0 0 0 32 0 8 0 0 0 4 16 0 0 12 0 0 72 208 712 75 0 0 0 0 0 0 0 0 0 0 0 0 0 0 0 0 
0 0 0 0 0 0 0 0 0 0 0 0 0 0 378 0 0 0 0 0 2287 4250 3863 1584 4 0 0 0 0 0 0 0 0 0 0 0 0 0 0 0 0 1 17 14 10 22 0 0 1099 0 503 0 94 0 16 0 0 0 80 0 0 212 1231 1119 0 46 34 0 0 0 0 0 0 0 0 0 0 0 0 0 0 
0 0 0 0 0 0 0 0 0 0 0 0 0 0 210 0 0 0 0 0 414 141 909 2502 2734 3574 2478 6 0 0 0 0 0 0 0 0 0 0 0 0 0 99 101 16 180 48 36 0 336 0 1083 0 206 0 6 8 94 0 52 27 0 6 231 263 16 0 0 0 0 0 0 0 0 0 0 0 0 0 0 0 0 
0 0 0 0 0 0 0 0 0 0 0 0 0 0 41 0 0 0 0 0 373 184 228 273 381 40 6347 11509 11378 34 0 0 0 0 0 0 0 0 0 0 0 0 14 0 0 0 63 0 61 0 27 19 160 0 0 0 0 0 0 0 0 0 30 70 0 0 0 0 0 0 0 0 0 0 0 0 0 0 0 0 0 
0 0 0 0 0 0 0 0 0 0 0 0 0 0 29 0 0 0 0 0 159 0 0 8 0 0 0 0 0 0 0 0 0 0 0 0 0 0 0 0 0 0 10 23 15 18 30 0 68 0 0 0 8 0 0 0 21 0 17 0 0 10 36 239 45 0 0 0 0 0 0 0 0 0 0 0 0 0 0 0 0 
0 0 0 0 0 0 0 0 0 0 0 0 0 0 0 0 0 0 0 0 119 0 0 9 0 0 0 0 0 0 0 0 0 0 0 0 0 0 156 0 0 0 0 0 0 0 97 0 144 0 70 0 80 0 0 16 28 0 58 0 0 20 214 74 50 0 0 0 17 0 0 0 0 0 0 0 0 0 0 0 0 
0 0 0 0 0 0 0 0 0 0 0 0 0 0 160 0 0 0 0 0 17 45 25 16 0 26 32 48 0 0 0 0 0 0 0 0 0 0 767 0 0 45 379 34 42 113 437 36 183 0 178 0 180 0 0 7 25 0 129 88 281 52 282 229 16 0 0 0 0 0 0 0 0 0 0 0 0 0 0 0 0 
0 0 0 0 0 0 0 0 0 0 0 0 0 0 0 0 0 0 0 0 123 0 0 0 16 88 0 325 0 0 0 0 0 0 0 0 0 0 1209 0 0 127 1067 950 2248 4495 4068 70 1446 0 432 20 69 0 4 0 567 0 135 50 211 213 1187 106 6 0 0 0 0 0 0 0 0 0 0 0 0 0 0 0 0 
0 0 0 0 0 0 0 0 0 0 0 0 0 0 0 0 0 0 0 0 0 49 18 15 8 10 0 23 0 0 0 0 0 0 0 0 0 0 253 0 0 32 108 20 141 354 1401 60 758 14 3917 138 1378 0 473 39 265 0 14 53 279 74 620 249 149 0 0 0 0 0 0 0 0 0 0 0 0 0 0 0 0 
0 0 0 0 0 0 0 0 0 0 0 0 0 0 0 0 0 0 0 0 0 38 0 1 536 1165 2468 1635 0 0 0 0 0 0 0 0 0 0 52 0 0 1328 827 894 688 762 3699 38 33 0 4161 62 19120 23 8524 158 2246 240 1374 659 390 160 241 384 619 79 5 0 127 0 0 0 0 0 0 0 0 0 0 0 0 
0 0 0 0 0 0 0 0 0 0 0 0 0 0 0 0 0 0 0 0 0 106 0 0 0 0 0 0 0 0 0 0 0 0 0 0 0 0 45 0 0 72 160 1 0 0 1056 0 327 0 266 0 6745 268 13879 705 20932 14236 2793 3 157 516 1175 316 122 103 1 0 16 0 0 0 0 0 0 0 0 0 0 0 0 
0 0 0 0 0 0 0 0 0 0 0 0 0 0 0 0 0 0 0 0 0 0 0 0 0 0 0 0 0 0 0 0 0 0 0 0 0 0 0 0 0 0 113 0 20 98 886 16 793 0 83 0 312 0 442 32 1113 1326 1813 2112 802 656 3361 1052 2406 1359 1787 0 90 0 0 0 0 0 0 0 0 0 0 0 0 
0 0 0 0 0 0 0 0 0 0 0 0 0 0 0 0 0 0 0 0 73 0 0 267 0 0 0 0 0 0 0 0 0 0 0 0 0 0 0 0 0 0 533 49 356 352 553 142 735 0 1875 221 908 127 3380 1254 2982 3418 5506 1096 373 599 6141 5755 15594 3997 2057 0 121 0 0 0 0 0 0 0 0 0 0 0 0 
0 0 0 0 0 0 0 0 0 0 0 0 0 0 0 0 0 0 0 0 0 0 0 0 0 0 0 0 0 0 0 0 0 0 0 0 0 0 0 0 0 0 0 0 0 0 0 0 0 0 160 0 0 0 196 0 151 317 0 0 0 0 199 241 198 172 894 0 0 0 0 0 0 0 0 0 0 0 0 0 0 
0 0 0 0 0 0 0 0 0 0 0 0 0 0 0 0 0 0 0 0 0 0 0 0 0 0 0 0 0 0 0 0 0 0 0 0 0 0 0 0 0 0 0 0 0 0 0 0 0 0 0 0 0 0 0 0 0 0 0 0 0 0 0 0 0 0 0 0 0 0 0 0 0 0 0 0 0 0 0 0 0 
0 0 0 0 0 0 0 0 0 0 0 0 0 0 0 0 0 0 0 0 0 0 0 0 0 0 0 0 0 0 0 0 0 0 0 0 0 0 0 0 0 0 0 0 0 0 0 0 0 0 0 0 0 0 0 0 0 0 0 0 0 0 0 0 0 0 0 0 0 0 0 0 0 0 0 0 0 0 0 0 0 
0 0 0 0 0 0 0 0 0 0 0 0 0 0 0 0 0 0 0 0 0 0 0 0 0 0 0 0 0 0 0 0 0 0 0 0 0 0 0 0 0 0 0 0 0 0 0 0 0 0 0 0 0 0 0 0 0 0 0 0 0 0 0 0 0 0 0 0 0 0 0 0 0 0 0 0 0 0 0 0 0 
