0 0 0 98 0 0 0 0 0 0 0 0 0 0 0 70 10 0 0 17 139 555 524 144 88 60 108 185 114 2225 37 0 0 29 6 8 0 0 0 74 0 0 25 0 20 2 196 477 68 95 1142 17 66 129 0 0 0 0 0 0 0 
0 0 0 0 0 0 0 0 0 0 0 0 0 0 0 0 0 0 0 0 0 0 0 0 0 79 0 0 0 0 0 0 0 0 0 0 0 0 0 0 0 0 0 0 1127 75 9 0 0 5 1002 88 75 4 0 0 0 0 0 0 0 
0 0 0 0 0 0 0 0 0 0 0 0 0 0 0 0 0 0 0 0 0 0 0 0 0 0 0 0 0 0 0 0 0 0 0 0 0 0 0 0 0 0 0 0 0 0 0 0 0 0 0 0 0 0 0 0 0 0 0 0 0 
0 0 0 0 0 0 0 0 0 0 0 0 0 0 0 0 0 190 634 0 0 0 0 0 0 8 0 0 2 0 0 0 0 0 0 0 0 0 0 0 0 0 0 0 123 146 134 1 0 2 400 0 0 0 0 0 0 0 0 0 0 
0 0 0 0 0 0 0 0 0 0 0 0 0 0 0 0 0 0 0 0 0 0 0 0 0 0 0 0 0 0 0 0 0 0 0 0 0 0 0 0 0 0 0 0 0 0 0 0 0 0 0 0 0 0 0 0 0 0 0 0 0 
0 0 0 0 0 0 0 0 0 0 0 0 0 0 0 0 0 0 196 1756 21 0 0 0 0 9 0 43 0 0 0 0 0 0 0 0 0 0 0 0 0 0 0 0 23 0 0 0 0 0 0 0 0 0 0 0 0 0 0 0 0 
0 0 0 0 0 0 0 0 0 0 0 0 0 0 0 0 0 0 0 0 0 0 0 0 0 0 0 0 0 0 0 0 0 0 0 0 0 0 0 0 0 0 0 0 0 0 0 0 0 0 0 0 0 0 0 0 0 0 0 0 0 
0 0 0 0 0 0 0 0 0 0 0 0 0 0 0 0 0 0 0 0 0 0 0 0 0 0 0 0 0 0 0 0 0 0 0 0 0 0 0 0 0 0 0 0 0 0 0 0 0 0 0 0 0 0 0 0 0 0 0 0 0 
0 0 0 8 0 0 0 0 0 0 0 0 0 0 0 181 334 217 0 0 22 1162 9 0 3 0 0 0 0 0 0 0 0 0 0 0 0 0 0 0 0 0 0 0 0 0 0 0 0 0 0 0 0 0 0 0 0 0 0 0 0 
0 0 0 0 0 0 0 0 0 0 0 0 0 0 0 0 0 1082 6142 6021 254 2043 2 0 0 0 0 60 0 52 0 0 0 0 0 0 0 0 0 0 0 0 0 0 0 0 0 0 0 0 0 0 0 0 0 0 0 0 0 0 0 
0 0 0 31 0 0 0 0 0 0 0 0 0 0 0 257 287 949 974 6176 18399 34685 565 884 843 767 164 343 395 349 177 92 0 140 4 0 0 0 0 56 0 0 5 0 0 0 42 0 0 0 0 0 0 0 0 0 0 0 0 0 0 
0 0 0 445 0 0 0 0 0 0 0 0 0 0 0 55 441 145 309 0 324 12833 5178 304 438 1351 398 75 420 135 116 266 0 0 151 0 0 0 0 0 0 0 0 0 0 0 0 0 0 0 0 0 0 0 0 0 0 0 0 0 0 
0 0 0 0 0 0 0 0 0 0 0 0 0 0 0 0 0 7 0 0 112 1065 772 1113 1775 728 162 272 294 43 42 237 0 0 103 0 0 0 0 7 0 0 0 0 0 0 0 4 0 0 0 0 0 0 0 0 0 0 0 0 0 
0 0 0 5 0 0 0 0 0 0 0 0 0 0 0 0 0 183 0 18 1139 529 220 16 114 1989 3844 382 162 179 264 196 0 0 1 6 44 0 0 15 0 0 0 0 6 0 3 0 0 37 0 0 0 0 0 0 0 0 0 0 0 
0 0 0 0 0 0 0 0 0 0 0 0 0 0 0 0 0 0 0 0 85 198 330 55 662 204 132 1923 4826 3955 243 923 634 149 644 621 3 0 0 894 0 4 0 0 453 128 70 0 0 0 0 0 0 0 0 0 0 0 0 0 0 
0 0 0 0 0 0 0 0 0 0 0 0 0 0 0 0 0 0 82 0 20 984 16 44 35 100 326 311 687 1897 2088 2568 376 636 391 276 30 0 0 30 0 2 15 0 9 0 168 69 0 16 0 0 0 0 0 0 0 0 0 0 0 
0 0 0 0 0 0 0 0 0 0 0 0 0 0 0 0 0 0 0 0 0 546 133 173 0 38 44 235 159 774 99 2586 5303 3350 1021 511 34 0 0 22 0 0 0 0 573 0 82 0 0 21 0 0 0 0 0 0 0 0 0 0 0 
0 0 0 0 0 0 0 0 0 0 0 0 0 0 0 0 0 0 0 0 23 0 18 36 74 114 31 239 125 1006 142 851 529 2206 7553 5165 515 44 0 1 137 262 296 2 275 0 356 587 0 183 31 15 0 0 0 0 0 0 0 0 0 
0 0 0 0 0 0 0 0 0 0 0 0 0 0 0 0 0 0 0 0 0 25 5 8 61 29 0 1 10 819 149 0 2 13 429 2106 4501 2069 74 18 4 21 10 0 0 0 314 291 38 249 0 10 0 0 0 0 0 0 0 0 0 
0 0 0 0 0 0 0 0 0 0 0 0 0 0 0 0 0 0 0 0 0 0 1 1 69 245 140 43 223 9 66 134 3 10 25 80 425 1705 2584 1278 49 0 4 0 43 104 256 205 0 18 0 0 0 0 0 0 0 0 0 0 0 
0 0 0 0 0 0 0 0 0 0 0 0 0 0 0 0 0 0 0 0 0 1 38 0 9 7 7 4 188 399 155 21 28 3 263 52 6 0 11 1567 3818 1224 44 5 162 528 1544 297 11 518 0 2 0 0 0 0 0 0 0 0 0 
0 0 0 0 0 0 0 0 0 0 0 0 0 0 0 0 0 0 0 0 0 16 4 0 0 0 0 27 123 233 76 70 70 68 12 75 143 0 0 9 6 331 127 0 23 9 86 114 0 198 3 1 0 0 0 0 0 0 0 0 0 
0 0 0 0 0 0 0 0 0 0 0 0 0 0 0 0 0 0 0 0 0 52 0 0 0 116 0 13 25 432 2 0 2 168 850 491 151 0 18 336 55 156 81 51 6685 432 334 145 4 176 765 2028 0 0 0 0 0 0 0 0 0 
0 0 0 0 0 0 0 0 0 0 0 0 0 0 0 0 0 0 0 0 0 584 407 0 0 16 0 0 32 526 357 32 114 224 313 47 168 11 13 24 124 900 74 17 1380 2537 10425 7897 1955 3318 912 457 0 0 0 0 0 0 0 0 0 
0 0 0 0 0 0 0 0 0 0 0 0 0 0 0 0 0 0 0 0 0 384 0 0 0 0 0 0 0 6 0 0 0 2 0 0 141 262 429 836 1173 1 7 0 18 548 701 3437 4756 7209 170 280 0 0 0 0 0 0 0 0 0 
0 0 0 0 0 0 0 0 0 0 0 0 0 0 0 0 0 0 0 0 0 5 0 0 0 46 0 0 0 0 0 0 0 0 3 6 118 254 224 91 88 231 0 0 102 336 3331 685 1060 5358 6087 5983 88 0 0 0 0 0 0 0 0 
0 0 0 0 0 0 0 0 0 0 0 0 0 0 0 0 0 0 0 0 0 0 0 0 0 0 0 0 0 0 0 0 0 0 0 0 0 0 0 0 0 4 0 0 0 0 58 73 90 324 2048 2133 2026 716 0 0 0 0 0 0 0 
0 0 0 0 0 0 0 0 0 0 0 0 0 0 0 0 0 0 0 0 0 0 0 0 139 1074 0 0 260 0 0 0 0 0 0 45 0 0 0 6 51 34 0 0 1870 95 39 10 0 0 1529 0 16 0 0 0 0 0 0 0 0 
0 0 0 0 0 0 0 0 0 0 0 0 0 0 0 0 0 0 0 0 0 0 0 0 0 0 0 0 0 0 0 0 0 0 0 0 0 0 0 0 0 0 0 0 0 0 0 0 0 0 0 0 0 0 0 0 0 0 0 0 0 
0 0 0 0 0 0 0 0 0 0 0 0 0 0 0 0 0 0 0 0 0 0 0 0 0 0 0 0 0 0 0 0 0 0 0 0 0 0 0 0 0 0 0 0 0 0 0 0 0 0 0 0 0 0 0 0 0 0 0 0 0 
0 0 0 0 0 0 0 0 0 0 0 0 0 0 0 0 0 0 0 0 0 0 0 0 0 0 0 0 0 0 0 0 0 0 0 0 0 0 0 0 0 0 0 0 0 0 0 0 0 0 0 0 0 0 0 0 0 0 0 0 0 
