0.000000
0.000000
0.000304
0.003763
0.001516
0.000000
0.000000
0.000000
0.000000
0.000000
0.000000
0.000000
0.000000
0.000000
0.000000
0.026385
0.135730
0.123888
0.092047
0.078625
0.058466
0.044459
0.029106
0.022619
0.029255
0.017938
0.009697
0.003741
0.007504
0.009583
0.016143
0.004905
0.011045
0.003257
0.006893
0.017852
0.071967
0.039319
0.029391
0.019473
0.013460
0.009896
0.013352
0.006469
0.009323
0.004950
0.010235
0.002560
0.005314
0.000636
0.007937
0.001000
0.000000
0.000000
0.000000
0.000000
0.000000
0.000000
0.000000
0.000000
0.000000
0.000000
0.000000
0.000000
0.000000
0.000000
0.000000
0.000000
0.000000
0.000000
0.000000
0.000000
0.000000
0.000000
0.000000
0.000000
0.000000
0.000000
0.000000
0.000000
0.000000
0.000000
0.000000
0.000000
0.000000
0.000000
0.000000
0.000000
0.000000
0.000000
0.000000
