0.000000
0.000000
0.000000
0.000000
0.000000
0.000000
0.000000
0.000000
0.000000
0.000000
0.000000
0.000000
0.000000
0.000000
0.000000
0.000000
0.000000
0.000000
0.000000
0.000000
0.000000
0.000000
0.000000
0.000000
0.000000
0.001199
0.000922
0.001924
0.005847
0.018948
0.063323
0.112410
0.077075
0.021275
0.033021
0.043653
0.078983
0.069494
0.072003
0.030976
0.015097
0.015386
0.028347
0.054111
0.055501
0.042099
0.025122
0.031145
0.015377
0.008188
0.015603
0.015749
0.008801
0.004337
0.012728
0.020744
0.000614
0.000000
0.000000
0.000000
0.000000
0.000000
0.000000
0.000000
0.000000
0.000000
0.000000
0.000000
0.000000
0.000000
0.000000
0.000000
0.000000
0.000000
0.000000
0.000000
0.000000
0.000000
0.000000
0.000000
0.000000
0.000000
0.000000
0.000000
0.000000
0.000000
0.000000
0.000000
0.000000
0.000000
0.000000
0.000000
