0.000000
0.000000
0.000000
0.000000
0.000000
0.000000
0.000000
0.000000
0.000000
0.000000
0.000000
0.000000
0.000000
0.000000
0.000000
0.000000
0.000000
0.000000
0.000000
0.000000
0.000000
0.000000
0.000424
0.002894
0.008052
0.003723
0.020895
0.000000
0.009073
0.000000
0.014812
0.010103
0.026557
0.021186
0.023152
0.013455
0.003794
0.000000
0.044421
0.000074
0.018099
0.014704
0.054728
0.018944
0.052802
0.026501
0.063844
0.020450
0.032599
0.017425
0.088970
0.019114
0.070147
0.016986
0.069114
0.031381
0.062762
0.027877
0.041561
0.038830
0.008355
0.000000
0.002189
0.000000
0.000000
0.000000
0.000000
0.000000
0.000000
0.000000
0.000000
0.000000
0.000000
0.000000
0.000000
0.000000
0.000000
0.000000
0.000000
0.000000
0.000000
0.000000
0.000000
0.000000
