0.000000
0.000000
0.000000
0.000000
0.000000
0.000000
0.019296
0.000000
0.000000
0.000000
0.000538
0.000000
0.000000
0.000000
0.000000
0.000000
0.000000
0.000000
0.000000
0.000000
0.000000
0.000000
0.000000
0.000000
0.000000
0.000000
0.000000
0.000000
0.000000
0.000000
0.000956
0.000000
0.107422
0.178941
0.068913
0.001225
0.007808
0.001905
0.031452
0.026118
0.032272
0.020697
0.013390
0.009676
0.022812
0.015672
0.121424
0.016597
0.079903
0.053145
0.167744
0.002097
0.000000
0.000000
0.000000
0.000000
0.000000
0.000000
0.000000
0.000000
0.000000
0.000000
0.000000
0.000000
0.000000
0.000000
0.000000
0.000000
0.000000
0.000000
0.000000
0.000000
0.000000
0.000000
0.000000
0.000000
0.000000
0.000000
0.000000
0.000000
0.000000
0.000000
0.000000
0.000000
