0 0 0 0 0 0 0 0 0 0 0 0 0 0 0 0 0 0 0 0 0 0 327 0 0 0 0 0 0 0 0 0 0 377 0 0 0 0 0 0 0 0 0 0 0 0 0 0 0 0 0 0 0 0 0 369 16 0 44 0 2027 0 0 0 0 0 
0 0 0 0 0 0 0 0 0 0 0 0 0 0 0 0 0 0 0 0 0 0 0 0 0 0 0 0 0 0 0 0 0 0 0 0 0 0 0 0 0 0 0 0 0 0 0 0 0 0 0 0 0 0 0 0 0 0 0 0 0 0 0 0 0 0 
0 0 0 0 0 0 0 0 0 0 4920 0 0 0 0 0 0 0 0 0 0 0 292 0 0 0 0 0 0 0 0 0 0 628 0 0 0 0 0 0 0 0 0 0 0 0 0 0 0 0 0 0 0 0 0 0 0 0 0 0 0 0 0 0 0 0 
0 0 0 0 0 0 0 0 0 0 0 0 0 0 0 0 0 0 0 0 0 0 0 0 0 0 0 0 0 0 0 0 0 0 0 32 0 0 74 1 37 0 0 0 0 0 0 0 0 0 0 0 0 0 0 0 0 0 0 0 0 0 0 0 0 0 
0 0 0 0 0 0 0 0 0 0 0 0 0 0 0 0 0 0 0 0 0 0 0 0 0 0 0 0 0 0 0 0 0 0 0 0 0 0 0 0 0 0 0 0 0 0 0 0 0 0 0 0 0 0 0 258 0 0 177 0 1005 0 0 0 0 0 
0 0 0 0 0 0 0 0 0 0 0 0 0 0 0 0 0 0 0 0 0 0 0 0 0 0 0 0 0 0 0 0 0 0 0 0 0 0 0 0 0 0 0 0 0 0 0 0 0 0 0 0 0 0 0 0 0 0 0 0 0 0 0 0 0 0 
0 0 0 0 0 0 0 0 0 0 28473 0 0 0 0 0 0 0 0 2456 0 0 639 0 0 0 0 0 0 0 0 0 0 0 0 0 0 0 0 0 0 0 0 0 0 0 0 0 0 0 0 0 0 0 0 0 0 0 0 0 0 0 0 0 0 0 
0 0 0 0 0 0 0 0 0 0 0 0 0 0 0 0 0 0 0 0 0 0 0 0 0 0 0 0 0 0 0 0 0 0 0 0 0 0 0 0 0 0 0 0 0 0 0 0 0 0 0 0 0 0 0 0 0 0 0 0 0 0 0 0 0 0 
0 0 0 0 0 0 0 0 0 0 0 0 0 0 0 0 0 0 293 0 0 0 0 0 0 0 0 0 0 0 0 0 89 0 4305 0 0 0 0 0 0 41 0 0 0 0 0 0 0 0 0 0 0 0 0 4 0 0 6 0 102 0 0 0 0 0 
0 0 0 0 0 0 0 0 0 0 3006 0 0 0 0 0 0 0 0 17158 0 0 44 0 0 0 0 0 0 0 4 2 3 0 24 1 0 0 0 0 0 0 0 0 0 0 0 0 0 0 5 1 0 0 0 0 0 0 0 0 0 0 0 0 0 0 
0 0 0 0 0 0 0 0 0 0 2322 0 0 0 0 0 0 0 0 22368 3590 0 8496 0 0 0 0 0 0 0 1 4 0 0 0 298 309 173 1361 528 369 104 0 0 0 0 0 0 81 32 0 1 31 7 52 9 0 0 0 0 0 0 0 0 0 0 
0 0 0 0 0 0 0 0 0 0 0 0 0 0 0 0 0 0 0 0 99 0 0 0 0 0 0 0 0 0 0 0 0 0 0 0 1 0 8 71 0 0 0 0 0 0 0 17 9 3 0 0 0 0 0 0 0 0 0 0 0 0 0 0 0 0 
0 0 0 0 0 0 0 0 0 0 0 0 0 0 0 0 0 0 0 800 4 0 11501 0 0 0 0 2 2 0 122 2 683 11971 1176 0 0 0 0 0 0 0 0 0 0 0 0 0 0 0 0 1 0 0 0 0 0 0 0 0 0 0 0 0 0 0 
0 0 0 0 0 0 0 0 0 0 0 0 0 0 0 0 0 0 0 0 0 0 0 0 0 0 0 0 0 0 0 0 0 0 0 0 0 0 0 0 0 0 0 0 0 0 0 0 0 0 0 0 0 0 0 0 0 0 0 0 0 0 0 0 0 0 
0 0 0 0 0 0 0 0 0 0 0 0 0 0 0 0 0 0 0 224 0 0 154 0 0 0 0 2 53 11 460 0 2 14 0 1 3 0 9 3 0 0 0 0 0 0 0 0 0 0 0 0 0 0 0 0 0 0 0 0 0 0 0 0 0 0 
0 0 0 0 0 0 0 0 0 0 0 0 0 0 0 0 0 0 0 937 0 0 348 0 0 0 0 0 155 4 2067 14 33 2 34 2 0 0 60 0 0 0 0 0 0 0 0 0 0 0 0 0 0 0 0 0 0 0 0 0 0 0 0 0 0 0 
0 0 0 0 0 0 0 0 0 0 0 0 0 0 0 0 0 0 0 1163 0 0 683 0 0 0 0 0 37 0 1775 414 5636 8067 7894 963 2703 124 109 0 0 0 0 0 0 0 0 0 0 0 0 0 0 0 0 0 0 0 0 0 0 0 0 0 0 0 
0 0 0 0 0 0 0 0 0 0 0 0 0 0 0 0 0 0 0 503 0 0 0 0 0 0 0 0 0 0 171 0 493 104 363 117 16 24 8 0 0 0 0 0 0 0 0 0 0 0 26 47 0 0 0 0 0 0 0 0 0 0 0 0 0 0 
0 0 0 0 0 0 0 0 0 0 44 0 0 0 0 0 0 0 0 1445 0 0 2 0 0 0 0 1 7 27 577 81 435 43 1195 1359 6630 4539 3100 599 162 165 1 0 0 0 0 0 0 17 119 167 85 0 0 0 0 0 0 0 0 0 0 0 0 0 
0 0 0 0 0 0 0 0 0 0 1625 0 0 0 0 0 0 0 0 435 0 0 0 0 0 0 0 0 1 0 889 766 0 0 610 68 2114 2957 7175 5241 82 113 0 0 0 0 0 0 0 0 86 245 97 0 0 0 0 0 0 0 0 0 0 0 0 0 
0 0 0 0 0 0 0 0 0 0 493 0 0 0 0 0 0 0 318 0 0 0 0 0 0 0 0 0 0 0 0 0 0 0 3972 0 44 0 402 643 4106 2408 1413 567 593 0 0 0 0 16 465 390 429 89 324 0 0 0 0 0 0 0 0 0 0 0 
0 0 0 0 0 0 0 0 0 0 48 0 0 0 0 0 0 0 56 0 4 0 0 0 0 0 0 0 0 0 0 0 0 0 444 0 538 244 621 280 672 3432 8791 1938 273 7 195 71 43 18 53 161 266 88 93 0 0 0 0 0 0 0 0 0 0 0 
0 0 0 0 0 0 0 0 0 0 0 0 0 0 0 0 0 0 0 0 0 0 0 0 0 0 0 0 0 0 0 0 0 0 0 0 0 0 0 0 114 22 2617 1332 1487 50 355 322 487 0 12 0 13 5 0 0 0 0 0 0 0 0 0 0 0 0 
0 0 0 0 0 0 0 0 0 0 0 0 0 0 0 0 0 0 0 0 0 0 0 0 0 0 0 0 0 0 0 0 0 0 0 0 0 0 8 0 0 0 349 0 24 403 1033 1541 833 195 155 0 102 12 37 68 0 0 0 0 0 0 0 0 0 0 
0 0 0 0 0 0 0 0 0 0 78 0 0 0 0 0 0 0 0 16 38 0 0 0 0 0 0 0 0 0 0 0 0 0 0 0 0 0 4 88 16 64 49 0 11 2 205 3213 5532 2868 1389 48 76 192 597 452 0 14 0 0 0 0 0 0 0 0 
0 0 0 0 0 0 0 0 0 0 5 0 0 0 0 0 0 0 0 315 145 0 0 0 0 0 0 0 0 0 0 0 9 0 686 0 0 0 38 40 36 66 120 944 793 68 31 69 382 2188 6244 1549 392 700 516 442 29 73 0 0 0 0 0 0 0 0 
0 0 0 0 0 0 0 0 0 0 0 0 0 0 0 0 0 0 0 905 1143 0 0 0 0 0 0 0 0 0 0 0 0 0 0 0 0 0 77 90 379 0 0 0 1 16 42 385 289 151 1012 1356 3295 2674 4407 637 52 1 0 0 0 0 0 0 0 0 
0 0 0 0 0 0 0 0 0 0 0 0 0 0 0 0 0 0 0 176 201 0 0 0 0 0 0 0 0 0 0 0 0 0 19 0 0 0 9 0 279 22 543 437 1568 358 769 465 848 212 383 3 1249 1573 2948 1550 133 96 15 0 0 0 0 0 0 0 
0 0 0 0 0 0 0 0 0 0 0 0 0 0 0 0 0 0 0 0 0 0 0 0 0 0 0 0 0 0 0 0 0 0 0 0 0 0 0 0 0 0 46 10 73 56 53 0 104 670 315 178 401 290 5551 2066 6440 0 1280 0 67 0 0 0 0 0 
0 0 0 0 0 0 0 0 0 0 0 0 0 0 0 0 0 0 0 0 0 0 0 0 0 0 0 0 0 0 0 0 0 0 0 0 0 0 0 0 0 0 0 0 0 0 0 0 0 0 0 0 0 0 0 0 0 0 59 0 93 0 0 0 0 0 
0 0 0 0 0 0 0 0 0 0 0 0 0 0 0 0 0 0 0 0 0 0 0 0 0 0 0 0 0 0 0 0 0 0 0 0 0 0 2 0 0 0 0 0 0 0 0 0 0 0 2 0 0 4 720 0 18 0 2246 0 1248 0 0 0 0 0 
0 0 0 0 0 0 0 0 0 0 0 0 0 0 0 0 0 0 0 0 0 0 0 0 0 0 0 0 0 0 0 0 0 0 0 0 0 0 0 0 0 0 0 0 0 0 0 0 0 0 0 0 0 0 0 0 0 0 0 0 0 0 0 0 0 0 
0 0 0 0 0 0 0 0 0 0 0 0 0 0 0 0 0 0 0 0 0 0 0 0 0 0 0 0 0 0 0 0 0 0 0 0 0 0 0 0 0 0 0 0 0 0 0 0 0 0 0 0 0 0 0 0 0 0 0 0 0 0 0 0 0 0 
