0.000000
0.000000
0.000000
0.000000
0.000000
0.000000
0.000000
0.000000
0.000000
0.000000
0.000000
0.000000
0.000000
0.000006
0.005817
0.008196
0.010529
0.008782
0.008633
0.008134
0.014411
0.011145
0.016119
0.014269
0.015529
0.011861
0.013996
0.011686
0.010879
0.008202
0.008205
0.005892
0.006122
0.004816
0.004663
0.018044
0.049443
0.075514
0.086924
0.071518
0.094300
0.061764
0.037267
0.035236
0.037624
0.037669
0.042420
0.038292
0.024985
0.025225
0.016861
0.012246
0.009962
0.007496
0.004236
0.003675
0.001410
0.000000
0.000000
0.000000
0.000000
0.000000
0.000000
0.000000
0.000000
0.000000
0.000000
0.000000
0.000000
0.000000
0.000000
0.000000
0.000000
0.000000
0.000000
0.000000
0.000000
0.000000
0.000000
0.000000
0.000000
0.000000
0.000000
0.000000
0.000000
0.000000
0.000000
0.000000
0.000000
0.000000
0.000000
0.000000
0.000000
0.000000
0.000000
0.000000
0.000000
