0.26471 0.19325 0.05823 0.02682 0.01762 0.00611 0.00276 0.00489 0.00026 0.00009 0.00015 0.00000 0.00000 0.00153 0.00094 0.00000 0.00056 0.00000 0.00072 0.00015 0.00080 0.00162 0.00139 0.00055 0.00233 0.00000 0.00317 0.00020 0.00372 0.00862 0.01007 0.00762 0.00974 0.00592 0.00711 0.01242 0.00230 0.00000 0.00061 0.00000 0.00000 0.00000 0.00617 0.00000 0.00000 0.00000 0.00000 0.00000 0.00000 0.00000 0.00000 0.00000 0.00000 0.00000 0.00000 0.00000 0.00012 0.00000 0.00134 0.00084 0.00000 0.00000 0.00016 0.00000 0.00000 0.00000 0.00802 0.00000 0.00000 0.00000 0.00000 
0.05181 0.17254 0.26471 0.19325 0.05823 0.02682 0.01762 0.00611 0.00276 0.00489 0.00026 0.00009 0.00015 0.00000 0.00000 0.00153 0.00094 0.00000 0.00056 0.00000 0.00072 0.00015 0.00080 0.00162 0.00139 0.00055 0.00233 0.00000 0.00317 0.00020 0.00372 0.00862 0.01007 0.00762 0.00974 0.00592 0.00711 0.01242 0.00230 0.00000 0.00061 0.00000 0.00000 0.00000 0.00617 0.00000 0.00000 0.00000 0.00000 0.00000 0.00000 0.00000 0.00000 0.00000 0.00000 0.00000 0.00000 0.00000 0.00012 0.00000 0.00134 0.00084 0.00000 0.00000 0.00016 0.00000 0.00000 0.00000 0.00802 0.00000 0.00000 
0.02049 0.00549 0.05181 0.17254 0.26471 0.19325 0.05823 0.02682 0.01762 0.00611 0.00276 0.00489 0.00026 0.00009 0.00015 0.00000 0.00000 0.00153 0.00094 0.00000 0.00056 0.00000 0.00072 0.00015 0.00080 0.00162 0.00139 0.00055 0.00233 0.00000 0.00317 0.00020 0.00372 0.00862 0.01007 0.00762 0.00974 0.00592 0.00711 0.01242 0.00230 0.00000 0.00061 0.00000 0.00000 0.00000 0.00617 0.00000 0.00000 0.00000 0.00000 0.00000 0.00000 0.00000 0.00000 0.00000 0.00000 0.00000 0.00000 0.00000 0.00012 0.00000 0.00134 0.00084 0.00000 0.00000 0.00016 0.00000 0.00000 0.00000 0.00802 
0.02011 0.00780 0.02049 0.00549 0.05181 0.17254 0.26471 0.19325 0.05823 0.02682 0.01762 0.00611 0.00276 0.00489 0.00026 0.00009 0.00015 0.00000 0.00000 0.00153 0.00094 0.00000 0.00056 0.00000 0.00072 0.00015 0.00080 0.00162 0.00139 0.00055 0.00233 0.00000 0.00317 0.00020 0.00372 0.00862 0.01007 0.00762 0.00974 0.00592 0.00711 0.01242 0.00230 0.00000 0.00061 0.00000 0.00000 0.00000 0.00617 0.00000 0.00000 0.00000 0.00000 0.00000 0.00000 0.00000 0.00000 0.00000 0.00000 0.00000 0.00000 0.00000 0.00012 0.00000 0.00134 0.00084 0.00000 0.00000 0.00016 0.00000 0.00000 
0.02616 0.00498 0.02011 0.00780 0.02049 0.00549 0.05181 0.17254 0.26471 0.19325 0.05823 0.02682 0.01762 0.00611 0.00276 0.00489 0.00026 0.00009 0.00015 0.00000 0.00000 0.00153 0.00094 0.00000 0.00056 0.00000 0.00072 0.00015 0.00080 0.00162 0.00139 0.00055 0.00233 0.00000 0.00317 0.00020 0.00372 0.00862 0.01007 0.00762 0.00974 0.00592 0.00711 0.01242 0.00230 0.00000 0.00061 0.00000 0.00000 0.00000 0.00617 0.00000 0.00000 0.00000 0.00000 0.00000 0.00000 0.00000 0.00000 0.00000 0.00000 0.00000 0.00000 0.00000 0.00012 0.00000 0.00134 0.00084 0.00000 0.00000 0.00016 
0.01671 0.01724 0.02616 0.00498 0.02011 0.00780 0.02049 0.00549 0.05181 0.17254 0.26471 0.19325 0.05823 0.02682 0.01762 0.00611 0.00276 0.00489 0.00026 0.00009 0.00015 0.00000 0.00000 0.00153 0.00094 0.00000 0.00056 0.00000 0.00072 0.00015 0.00080 0.00162 0.00139 0.00055 0.00233 0.00000 0.00317 0.00020 0.00372 0.00862 0.01007 0.00762 0.00974 0.00592 0.00711 0.01242 0.00230 0.00000 0.00061 0.00000 0.00000 0.00000 0.00617 0.00000 0.00000 0.00000 0.00000 0.00000 0.00000 0.00000 0.00000 0.00000 0.00000 0.00000 0.00000 0.00000 0.00012 0.00000 0.00134 0.00084 0.00000 
0.01209 0.01845 0.01671 0.01724 0.02616 0.00498 0.02011 0.00780 0.02049 0.00549 0.05181 0.17254 0.26471 0.19325 0.05823 0.02682 0.01762 0.00611 0.00276 0.00489 0.00026 0.00009 0.00015 0.00000 0.00000 0.00153 0.00094 0.00000 0.00056 0.00000 0.00072 0.00015 0.00080 0.00162 0.00139 0.00055 0.00233 0.00000 0.00317 0.00020 0.00372 0.00862 0.01007 0.00762 0.00974 0.00592 0.00711 0.01242 0.00230 0.00000 0.00061 0.00000 0.00000 0.00000 0.00617 0.00000 0.00000 0.00000 0.00000 0.00000 0.00000 0.00000 0.00000 0.00000 0.00000 0.00000 0.00000 0.00000 0.00012 0.00000 0.00134 
0.00043 0.00000 0.01209 0.01845 0.01671 0.01724 0.02616 0.00498 0.02011 0.00780 0.02049 0.00549 0.05181 0.17254 0.26471 0.19325 0.05823 0.02682 0.01762 0.00611 0.00276 0.00489 0.00026 0.00009 0.00015 0.00000 0.00000 0.00153 0.00094 0.00000 0.00056 0.00000 0.00072 0.00015 0.00080 0.00162 0.00139 0.00055 0.00233 0.00000 0.00317 0.00020 0.00372 0.00862 0.01007 0.00762 0.00974 0.00592 0.00711 0.01242 0.00230 0.00000 0.00061 0.00000 0.00000 0.00000 0.00617 0.00000 0.00000 0.00000 0.00000 0.00000 0.00000 0.00000 0.00000 0.00000 0.00000 0.00000 0.00000 0.00000 0.00012 
0.00071 0.00000 0.00043 0.00000 0.01209 0.01845 0.01671 0.01724 0.02616 0.00498 0.02011 0.00780 0.02049 0.00549 0.05181 0.17254 0.26471 0.19325 0.05823 0.02682 0.01762 0.00611 0.00276 0.00489 0.00026 0.00009 0.00015 0.00000 0.00000 0.00153 0.00094 0.00000 0.00056 0.00000 0.00072 0.00015 0.00080 0.00162 0.00139 0.00055 0.00233 0.00000 0.00317 0.00020 0.00372 0.00862 0.01007 0.00762 0.00974 0.00592 0.00711 0.01242 0.00230 0.00000 0.00061 0.00000 0.00000 0.00000 0.00617 0.00000 0.00000 0.00000 0.00000 0.00000 0.00000 0.00000 0.00000 0.00000 0.00000 0.00000 0.00000 
0.00166 0.00000 0.00071 0.00000 0.00043 0.00000 0.01209 0.01845 0.01671 0.01724 0.02616 0.00498 0.02011 0.00780 0.02049 0.00549 0.05181 0.17254 0.26471 0.19325 0.05823 0.02682 0.01762 0.00611 0.00276 0.00489 0.00026 0.00009 0.00015 0.00000 0.00000 0.00153 0.00094 0.00000 0.00056 0.00000 0.00072 0.00015 0.00080 0.00162 0.00139 0.00055 0.00233 0.00000 0.00317 0.00020 0.00372 0.00862 0.01007 0.00762 0.00974 0.00592 0.00711 0.01242 0.00230 0.00000 0.00061 0.00000 0.00000 0.00000 0.00617 0.00000 0.00000 0.00000 0.00000 0.00000 0.00000 0.00000 0.00000 0.00000 0.00000 
0.00005 0.00000 0.00166 0.00000 0.00071 0.00000 0.00043 0.00000 0.01209 0.01845 0.01671 0.01724 0.02616 0.00498 0.02011 0.00780 0.02049 0.00549 0.05181 0.17254 0.26471 0.19325 0.05823 0.02682 0.01762 0.00611 0.00276 0.00489 0.00026 0.00009 0.00015 0.00000 0.00000 0.00153 0.00094 0.00000 0.00056 0.00000 0.00072 0.00015 0.00080 0.00162 0.00139 0.00055 0.00233 0.00000 0.00317 0.00020 0.00372 0.00862 0.01007 0.00762 0.00974 0.00592 0.00711 0.01242 0.00230 0.00000 0.00061 0.00000 0.00000 0.00000 0.00617 0.00000 0.00000 0.00000 0.00000 0.00000 0.00000 0.00000 0.00000 
0.00067 0.00000 0.00005 0.00000 0.00166 0.00000 0.00071 0.00000 0.00043 0.00000 0.01209 0.01845 0.01671 0.01724 0.02616 0.00498 0.02011 0.00780 0.02049 0.00549 0.05181 0.17254 0.26471 0.19325 0.05823 0.02682 0.01762 0.00611 0.00276 0.00489 0.00026 0.00009 0.00015 0.00000 0.00000 0.00153 0.00094 0.00000 0.00056 0.00000 0.00072 0.00015 0.00080 0.00162 0.00139 0.00055 0.00233 0.00000 0.00317 0.00020 0.00372 0.00862 0.01007 0.00762 0.00974 0.00592 0.00711 0.01242 0.00230 0.00000 0.00061 0.00000 0.00000 0.00000 0.00617 0.00000 0.00000 0.00000 0.00000 0.00000 0.00000 
0.00025 0.00003 0.00067 0.00000 0.00005 0.00000 0.00166 0.00000 0.00071 0.00000 0.00043 0.00000 0.01209 0.01845 0.01671 0.01724 0.02616 0.00498 0.02011 0.00780 0.02049 0.00549 0.05181 0.17254 0.26471 0.19325 0.05823 0.02682 0.01762 0.00611 0.00276 0.00489 0.00026 0.00009 0.00015 0.00000 0.00000 0.00153 0.00094 0.00000 0.00056 0.00000 0.00072 0.00015 0.00080 0.00162 0.00139 0.00055 0.00233 0.00000 0.00317 0.00020 0.00372 0.00862 0.01007 0.00762 0.00974 0.00592 0.00711 0.01242 0.00230 0.00000 0.00061 0.00000 0.00000 0.00000 0.00617 0.00000 0.00000 0.00000 0.00000 
0.00000 0.00000 0.00025 0.00003 0.00067 0.00000 0.00005 0.00000 0.00166 0.00000 0.00071 0.00000 0.00043 0.00000 0.01209 0.01845 0.01671 0.01724 0.02616 0.00498 0.02011 0.00780 0.02049 0.00549 0.05181 0.17254 0.26471 0.19325 0.05823 0.02682 0.01762 0.00611 0.00276 0.00489 0.00026 0.00009 0.00015 0.00000 0.00000 0.00153 0.00094 0.00000 0.00056 0.00000 0.00072 0.00015 0.00080 0.00162 0.00139 0.00055 0.00233 0.00000 0.00317 0.00020 0.00372 0.00862 0.01007 0.00762 0.00974 0.00592 0.00711 0.01242 0.00230 0.00000 0.00061 0.00000 0.00000 0.00000 0.00617 0.00000 0.00000 
0.00006 0.00000 0.00000 0.00000 0.00025 0.00003 0.00067 0.00000 0.00005 0.00000 0.00166 0.00000 0.00071 0.00000 0.00043 0.00000 0.01209 0.01845 0.01671 0.01724 0.02616 0.00498 0.02011 0.00780 0.02049 0.00549 0.05181 0.17254 0.26471 0.19325 0.05823 0.02682 0.01762 0.00611 0.00276 0.00489 0.00026 0.00009 0.00015 0.00000 0.00000 0.00153 0.00094 0.00000 0.00056 0.00000 0.00072 0.00015 0.00080 0.00162 0.00139 0.00055 0.00233 0.00000 0.00317 0.00020 0.00372 0.00862 0.01007 0.00762 0.00974 0.00592 0.00711 0.01242 0.00230 0.00000 0.00061 0.00000 0.00000 0.00000 0.00617 
0.00000 0.00005 0.00006 0.00000 0.00000 0.00000 0.00025 0.00003 0.00067 0.00000 0.00005 0.00000 0.00166 0.00000 0.00071 0.00000 0.00043 0.00000 0.01209 0.01845 0.01671 0.01724 0.02616 0.00498 0.02011 0.00780 0.02049 0.00549 0.05181 0.17254 0.26471 0.19325 0.05823 0.02682 0.01762 0.00611 0.00276 0.00489 0.00026 0.00009 0.00015 0.00000 0.00000 0.00153 0.00094 0.00000 0.00056 0.00000 0.00072 0.00015 0.00080 0.00162 0.00139 0.00055 0.00233 0.00000 0.00317 0.00020 0.00372 0.00862 0.01007 0.00762 0.00974 0.00592 0.00711 0.01242 0.00230 0.00000 0.00061 0.00000 0.00000 
0.00045 0.00000 0.00000 0.00005 0.00006 0.00000 0.00000 0.00000 0.00025 0.00003 0.00067 0.00000 0.00005 0.00000 0.00166 0.00000 0.00071 0.00000 0.00043 0.00000 0.01209 0.01845 0.01671 0.01724 0.02616 0.00498 0.02011 0.00780 0.02049 0.00549 0.05181 0.17254 0.26471 0.19325 0.05823 0.02682 0.01762 0.00611 0.00276 0.00489 0.00026 0.00009 0.00015 0.00000 0.00000 0.00153 0.00094 0.00000 0.00056 0.00000 0.00072 0.00015 0.00080 0.00162 0.00139 0.00055 0.00233 0.00000 0.00317 0.00020 0.00372 0.00862 0.01007 0.00762 0.00974 0.00592 0.00711 0.01242 0.00230 0.00000 0.00061 
0.00054 0.00000 0.00045 0.00000 0.00000 0.00005 0.00006 0.00000 0.00000 0.00000 0.00025 0.00003 0.00067 0.00000 0.00005 0.00000 0.00166 0.00000 0.00071 0.00000 0.00043 0.00000 0.01209 0.01845 0.01671 0.01724 0.02616 0.00498 0.02011 0.00780 0.02049 0.00549 0.05181 0.17254 0.26471 0.19325 0.05823 0.02682 0.01762 0.00611 0.00276 0.00489 0.00026 0.00009 0.00015 0.00000 0.00000 0.00153 0.00094 0.00000 0.00056 0.00000 0.00072 0.00015 0.00080 0.00162 0.00139 0.00055 0.00233 0.00000 0.00317 0.00020 0.00372 0.00862 0.01007 0.00762 0.00974 0.00592 0.00711 0.01242 0.00230 
0.00037 0.00022 0.00054 0.00000 0.00045 0.00000 0.00000 0.00005 0.00006 0.00000 0.00000 0.00000 0.00025 0.00003 0.00067 0.00000 0.00005 0.00000 0.00166 0.00000 0.00071 0.00000 0.00043 0.00000 0.01209 0.01845 0.01671 0.01724 0.02616 0.00498 0.02011 0.00780 0.02049 0.00549 0.05181 0.17254 0.26471 0.19325 0.05823 0.02682 0.01762 0.00611 0.00276 0.00489 0.00026 0.00009 0.00015 0.00000 0.00000 0.00153 0.00094 0.00000 0.00056 0.00000 0.00072 0.00015 0.00080 0.00162 0.00139 0.00055 0.00233 0.00000 0.00317 0.00020 0.00372 0.00862 0.01007 0.00762 0.00974 0.00592 0.00711 
0.00000 0.00257 0.00037 0.00022 0.00054 0.00000 0.00045 0.00000 0.00000 0.00005 0.00006 0.00000 0.00000 0.00000 0.00025 0.00003 0.00067 0.00000 0.00005 0.00000 0.00166 0.00000 0.00071 0.00000 0.00043 0.00000 0.01209 0.01845 0.01671 0.01724 0.02616 0.00498 0.02011 0.00780 0.02049 0.00549 0.05181 0.17254 0.26471 0.19325 0.05823 0.02682 0.01762 0.00611 0.00276 0.00489 0.00026 0.00009 0.00015 0.00000 0.00000 0.00153 0.00094 0.00000 0.00056 0.00000 0.00072 0.00015 0.00080 0.00162 0.00139 0.00055 0.00233 0.00000 0.00317 0.00020 0.00372 0.00862 0.01007 0.00762 0.00974 
0.00000 0.00000 0.00000 0.00257 0.00037 0.00022 0.00054 0.00000 0.00045 0.00000 0.00000 0.00005 0.00006 0.00000 0.00000 0.00000 0.00025 0.00003 0.00067 0.00000 0.00005 0.00000 0.00166 0.00000 0.00071 0.00000 0.00043 0.00000 0.01209 0.01845 0.01671 0.01724 0.02616 0.00498 0.02011 0.00780 0.02049 0.00549 0.05181 0.17254 0.26471 0.19325 0.05823 0.02682 0.01762 0.00611 0.00276 0.00489 0.00026 0.00009 0.00015 0.00000 0.00000 0.00153 0.00094 0.00000 0.00056 0.00000 0.00072 0.00015 0.00080 0.00162 0.00139 0.00055 0.00233 0.00000 0.00317 0.00020 0.00372 0.00862 0.01007 
0.00000 0.00000 0.00000 0.00000 0.00000 0.00257 0.00037 0.00022 0.00054 0.00000 0.00045 0.00000 0.00000 0.00005 0.00006 0.00000 0.00000 0.00000 0.00025 0.00003 0.00067 0.00000 0.00005 0.00000 0.00166 0.00000 0.00071 0.00000 0.00043 0.00000 0.01209 0.01845 0.01671 0.01724 0.02616 0.00498 0.02011 0.00780 0.02049 0.00549 0.05181 0.17254 0.26471 0.19325 0.05823 0.02682 0.01762 0.00611 0.00276 0.00489 0.00026 0.00009 0.00015 0.00000 0.00000 0.00153 0.00094 0.00000 0.00056 0.00000 0.00072 0.00015 0.00080 0.00162 0.00139 0.00055 0.00233 0.00000 0.00317 0.00020 0.00372 
0.00000 0.00000 0.00000 0.00000 0.00000 0.00000 0.00000 0.00257 0.00037 0.00022 0.00054 0.00000 0.00045 0.00000 0.00000 0.00005 0.00006 0.00000 0.00000 0.00000 0.00025 0.00003 0.00067 0.00000 0.00005 0.00000 0.00166 0.00000 0.00071 0.00000 0.00043 0.00000 0.01209 0.01845 0.01671 0.01724 0.02616 0.00498 0.02011 0.00780 0.02049 0.00549 0.05181 0.17254 0.26471 0.19325 0.05823 0.02682 0.01762 0.00611 0.00276 0.00489 0.00026 0.00009 0.00015 0.00000 0.00000 0.00153 0.00094 0.00000 0.00056 0.00000 0.00072 0.00015 0.00080 0.00162 0.00139 0.00055 0.00233 0.00000 0.00317 
0.00000 0.00000 0.00000 0.00000 0.00000 0.00000 0.00000 0.00000 0.00000 0.00257 0.00037 0.00022 0.00054 0.00000 0.00045 0.00000 0.00000 0.00005 0.00006 0.00000 0.00000 0.00000 0.00025 0.00003 0.00067 0.00000 0.00005 0.00000 0.00166 0.00000 0.00071 0.00000 0.00043 0.00000 0.01209 0.01845 0.01671 0.01724 0.02616 0.00498 0.02011 0.00780 0.02049 0.00549 0.05181 0.17254 0.26471 0.19325 0.05823 0.02682 0.01762 0.00611 0.00276 0.00489 0.00026 0.00009 0.00015 0.00000 0.00000 0.00153 0.00094 0.00000 0.00056 0.00000 0.00072 0.00015 0.00080 0.00162 0.00139 0.00055 0.00233 
0.00000 0.00000 0.00000 0.00000 0.00000 0.00000 0.00000 0.00000 0.00000 0.00000 0.00000 0.00257 0.00037 0.00022 0.00054 0.00000 0.00045 0.00000 0.00000 0.00005 0.00006 0.00000 0.00000 0.00000 0.00025 0.00003 0.00067 0.00000 0.00005 0.00000 0.00166 0.00000 0.00071 0.00000 0.00043 0.00000 0.01209 0.01845 0.01671 0.01724 0.02616 0.00498 0.02011 0.00780 0.02049 0.00549 0.05181 0.17254 0.26471 0.19325 0.05823 0.02682 0.01762 0.00611 0.00276 0.00489 0.00026 0.00009 0.00015 0.00000 0.00000 0.00153 0.00094 0.00000 0.00056 0.00000 0.00072 0.00015 0.00080 0.00162 0.00139 
0.00000 0.00000 0.00000 0.00000 0.00000 0.00000 0.00000 0.00000 0.00000 0.00000 0.00000 0.00000 0.00000 0.00257 0.00037 0.00022 0.00054 0.00000 0.00045 0.00000 0.00000 0.00005 0.00006 0.00000 0.00000 0.00000 0.00025 0.00003 0.00067 0.00000 0.00005 0.00000 0.00166 0.00000 0.00071 0.00000 0.00043 0.00000 0.01209 0.01845 0.01671 0.01724 0.02616 0.00498 0.02011 0.00780 0.02049 0.00549 0.05181 0.17254 0.26471 0.19325 0.05823 0.02682 0.01762 0.00611 0.00276 0.00489 0.00026 0.00009 0.00015 0.00000 0.00000 0.00153 0.00094 0.00000 0.00056 0.00000 0.00072 0.00015 0.00080 
0.00000 0.00000 0.00000 0.00000 0.00000 0.00000 0.00000 0.00000 0.00000 0.00000 0.00000 0.00000 0.00000 0.00000 0.00000 0.00257 0.00037 0.00022 0.00054 0.00000 0.00045 0.00000 0.00000 0.00005 0.00006 0.00000 0.00000 0.00000 0.00025 0.00003 0.00067 0.00000 0.00005 0.00000 0.00166 0.00000 0.00071 0.00000 0.00043 0.00000 0.01209 0.01845 0.01671 0.01724 0.02616 0.00498 0.02011 0.00780 0.02049 0.00549 0.05181 0.17254 0.26471 0.19325 0.05823 0.02682 0.01762 0.00611 0.00276 0.00489 0.00026 0.00009 0.00015 0.00000 0.00000 0.00153 0.00094 0.00000 0.00056 0.00000 0.00072 
0.00000 0.00000 0.00000 0.00000 0.00000 0.00000 0.00000 0.00000 0.00000 0.00000 0.00000 0.00000 0.00000 0.00000 0.00000 0.00000 0.00000 0.00257 0.00037 0.00022 0.00054 0.00000 0.00045 0.00000 0.00000 0.00005 0.00006 0.00000 0.00000 0.00000 0.00025 0.00003 0.00067 0.00000 0.00005 0.00000 0.00166 0.00000 0.00071 0.00000 0.00043 0.00000 0.01209 0.01845 0.01671 0.01724 0.02616 0.00498 0.02011 0.00780 0.02049 0.00549 0.05181 0.17254 0.26471 0.19325 0.05823 0.02682 0.01762 0.00611 0.00276 0.00489 0.00026 0.00009 0.00015 0.00000 0.00000 0.00153 0.00094 0.00000 0.00056 
0.00000 0.00000 0.00000 0.00000 0.00000 0.00000 0.00000 0.00000 0.00000 0.00000 0.00000 0.00000 0.00000 0.00000 0.00000 0.00000 0.00000 0.00000 0.00000 0.00257 0.00037 0.00022 0.00054 0.00000 0.00045 0.00000 0.00000 0.00005 0.00006 0.00000 0.00000 0.00000 0.00025 0.00003 0.00067 0.00000 0.00005 0.00000 0.00166 0.00000 0.00071 0.00000 0.00043 0.00000 0.01209 0.01845 0.01671 0.01724 0.02616 0.00498 0.02011 0.00780 0.02049 0.00549 0.05181 0.17254 0.26471 0.19325 0.05823 0.02682 0.01762 0.00611 0.00276 0.00489 0.00026 0.00009 0.00015 0.00000 0.00000 0.00153 0.00094 
0.00000 0.00000 0.00000 0.00000 0.00000 0.00000 0.00000 0.00000 0.00000 0.00000 0.00000 0.00000 0.00000 0.00000 0.00000 0.00000 0.00000 0.00000 0.00000 0.00000 0.00000 0.00257 0.00037 0.00022 0.00054 0.00000 0.00045 0.00000 0.00000 0.00005 0.00006 0.00000 0.00000 0.00000 0.00025 0.00003 0.00067 0.00000 0.00005 0.00000 0.00166 0.00000 0.00071 0.00000 0.00043 0.00000 0.01209 0.01845 0.01671 0.01724 0.02616 0.00498 0.02011 0.00780 0.02049 0.00549 0.05181 0.17254 0.26471 0.19325 0.05823 0.02682 0.01762 0.00611 0.00276 0.00489 0.00026 0.00009 0.00015 0.00000 0.00000 
0.00000 0.00000 0.00000 0.00000 0.00000 0.00000 0.00000 0.00000 0.00000 0.00000 0.00000 0.00000 0.00000 0.00000 0.00000 0.00000 0.00000 0.00000 0.00000 0.00000 0.00000 0.00000 0.00000 0.00257 0.00037 0.00022 0.00054 0.00000 0.00045 0.00000 0.00000 0.00005 0.00006 0.00000 0.00000 0.00000 0.00025 0.00003 0.00067 0.00000 0.00005 0.00000 0.00166 0.00000 0.00071 0.00000 0.00043 0.00000 0.01209 0.01845 0.01671 0.01724 0.02616 0.00498 0.02011 0.00780 0.02049 0.00549 0.05181 0.17254 0.26471 0.19325 0.05823 0.02682 0.01762 0.00611 0.00276 0.00489 0.00026 0.00009 0.00015 
0.00000 0.00000 0.00000 0.00000 0.00000 0.00000 0.00000 0.00000 0.00000 0.00000 0.00000 0.00000 0.00000 0.00000 0.00000 0.00000 0.00000 0.00000 0.00000 0.00000 0.00000 0.00000 0.00000 0.00000 0.00000 0.00257 0.00037 0.00022 0.00054 0.00000 0.00045 0.00000 0.00000 0.00005 0.00006 0.00000 0.00000 0.00000 0.00025 0.00003 0.00067 0.00000 0.00005 0.00000 0.00166 0.00000 0.00071 0.00000 0.00043 0.00000 0.01209 0.01845 0.01671 0.01724 0.02616 0.00498 0.02011 0.00780 0.02049 0.00549 0.05181 0.17254 0.26471 0.19325 0.05823 0.02682 0.01762 0.00611 0.00276 0.00489 0.00026 
0.00000 0.00000 0.00000 0.00000 0.00000 0.00000 0.00000 0.00000 0.00000 0.00000 0.00000 0.00000 0.00000 0.00000 0.00000 0.00000 0.00000 0.00000 0.00000 0.00000 0.00000 0.00000 0.00000 0.00000 0.00000 0.00000 0.00000 0.00257 0.00037 0.00022 0.00054 0.00000 0.00045 0.00000 0.00000 0.00005 0.00006 0.00000 0.00000 0.00000 0.00025 0.00003 0.00067 0.00000 0.00005 0.00000 0.00166 0.00000 0.00071 0.00000 0.00043 0.00000 0.01209 0.01845 0.01671 0.01724 0.02616 0.00498 0.02011 0.00780 0.02049 0.00549 0.05181 0.17254 0.26471 0.19325 0.05823 0.02682 0.01762 0.00611 0.00276 
0.00000 0.00000 0.00000 0.00000 0.00000 0.00000 0.00000 0.00000 0.00000 0.00000 0.00000 0.00000 0.00000 0.00000 0.00000 0.00000 0.00000 0.00000 0.00000 0.00000 0.00000 0.00000 0.00000 0.00000 0.00000 0.00000 0.00000 0.00000 0.00000 0.00257 0.00037 0.00022 0.00054 0.00000 0.00045 0.00000 0.00000 0.00005 0.00006 0.00000 0.00000 0.00000 0.00025 0.00003 0.00067 0.00000 0.00005 0.00000 0.00166 0.00000 0.00071 0.00000 0.00043 0.00000 0.01209 0.01845 0.01671 0.01724 0.02616 0.00498 0.02011 0.00780 0.02049 0.00549 0.05181 0.17254 0.26471 0.19325 0.05823 0.02682 0.01762 
0.00000 0.00000 0.00000 0.00000 0.00000 0.00000 0.00000 0.00000 0.00000 0.00000 0.00000 0.00000 0.00000 0.00000 0.00000 0.00000 0.00000 0.00000 0.00000 0.00000 0.00000 0.00000 0.00000 0.00000 0.00000 0.00000 0.00000 0.00000 0.00000 0.00000 0.00000 0.00257 0.00037 0.00022 0.00054 0.00000 0.00045 0.00000 0.00000 0.00005 0.00006 0.00000 0.00000 0.00000 0.00025 0.00003 0.00067 0.00000 0.00005 0.00000 0.00166 0.00000 0.00071 0.00000 0.00043 0.00000 0.01209 0.01845 0.01671 0.01724 0.02616 0.00498 0.02011 0.00780 0.02049 0.00549 0.05181 0.17254 0.26471 0.19325 0.05823 
0.00000 0.00000 0.00000 0.00000 0.00000 0.00000 0.00000 0.00000 0.00000 0.00000 0.00000 0.00000 0.00000 0.00000 0.00000 0.00000 0.00000 0.00000 0.00000 0.00000 0.00000 0.00000 0.00000 0.00000 0.00000 0.00000 0.00000 0.00000 0.00000 0.00000 0.00000 0.00000 0.00000 0.00257 0.00037 0.00022 0.00054 0.00000 0.00045 0.00000 0.00000 0.00005 0.00006 0.00000 0.00000 0.00000 0.00025 0.00003 0.00067 0.00000 0.00005 0.00000 0.00166 0.00000 0.00071 0.00000 0.00043 0.00000 0.01209 0.01845 0.01671 0.01724 0.02616 0.00498 0.02011 0.00780 0.02049 0.00549 0.05181 0.17254 0.26471 
