0 515 0 0 0 0 0 0 0 0 0 0 0 0 0 0 0 0 0 0 0 567 317 0 0 0 0 0 0 0 0 32 26 84 1715 0 76 122 408 0 202 0 0 0 0 0 0 0 0 0 0 0 0 0 0 0 0 0 0 0 0 
0 0 0 0 0 0 0 0 0 0 256 0 0 0 0 0 0 0 0 0 0 322 62 0 0 0 0 0 0 0 0 0 0 415 3169 0 0 0 0 0 0 0 0 0 0 0 0 0 0 0 0 0 0 0 0 0 0 0 0 0 0 
0 0 0 0 0 0 0 0 0 0 2618 0 0 0 40 0 0 0 1 0 0 0 13 3 0 0 0 0 7 0 0 6 0 129 767 0 0 0 0 0 0 0 0 0 0 0 0 0 0 0 0 0 0 0 0 0 0 0 0 0 0 
0 0 0 0 0 0 0 0 0 0 489 0 0 0 0 0 0 0 2 0 0 0 12 0 0 0 0 0 12 6 0 215 86 146 1016 0 0 0 0 0 0 0 0 0 0 0 0 0 0 0 0 0 0 0 0 0 0 0 0 0 0 
0 6 0 0 0 0 0 0 0 0 424 0 0 0 2148 26411 16334 13107 5918 109 48 1234 586 92 0 0 0 97 0 89 1395 667 734 914 1213 0 0 0 125 0 93 0 0 0 0 0 0 0 0 0 0 0 0 0 0 0 0 0 0 0 0 
0 0 0 0 0 0 0 0 0 0 630 0 0 0 274 207 789 1499 11446 17242 15301 9855 6994 269 112 0 0 0 5 30 534 340 220 67 202 0 0 0 0 0 0 0 0 0 0 0 0 0 0 0 0 0 0 0 0 0 0 0 0 0 0 
0 0 0 0 0 0 0 0 0 0 619 0 0 0 1 40 167 64 0 0 16 81 1736 1217 519 4 0 26 14 56 435 92 138 39 80 0 0 0 0 0 0 0 0 0 0 0 0 0 0 0 0 0 0 0 0 0 0 0 0 0 0 
0 0 0 0 0 0 0 0 0 0 54 0 0 0 0 0 281 141 0 307 453 2 514 663 185 158 0 362 906 1951 2449 1718 889 103 64 0 0 0 0 0 0 0 0 0 0 0 0 0 0 0 0 0 0 0 0 0 0 0 0 0 0 
0 8 0 0 0 0 0 0 0 0 0 0 0 0 0 0 126 82 39 1 2446 846 0 6 0 41 0 380 608 725 7675 12909 20022 23657 15501 1822 2459 1214 1900 0 124 101 785 91 0 0 0 0 0 0 0 0 0 0 0 0 0 0 0 0 0 
0 1 0 0 0 0 0 0 0 0 0 0 0 0 0 0 0 0 0 0 0 472 0 0 0 0 0 0 0 0 365 513 2535 4653 8301 5488 5199 6076 6035 420 534 460 470 686 0 0 0 0 0 0 0 0 0 0 0 0 0 0 0 0 0 
0 0 0 0 0 0 0 0 0 0 0 0 0 0 0 0 0 0 0 0 0 205 0 0 0 0 0 0 0 0 0 0 5 16 273 220 288 3555 2928 941 2238 1218 2440 933 452 13 0 19 0 0 0 0 0 0 0 0 0 0 0 0 0 
0 0 0 0 0 0 0 0 0 0 0 0 0 0 0 0 32 0 0 0 0 0 0 0 0 0 0 0 0 0 13 19 0 0 8 11 151 362 985 778 1388 684 2559 2544 1743 200 673 60 0 0 46 0 0 0 0 0 0 0 0 0 0 
0 0 0 0 0 0 0 0 0 0 0 0 0 0 0 0 144 0 0 0 0 0 0 0 0 0 0 0 0 0 61 83 0 0 0 0 0 0 0 0 0 0 0 0 0 0 0 0 0 0 0 0 0 0 0 0 0 0 0 0 0 
0 0 0 0 0 0 0 0 0 0 0 0 0 0 0 0 0 0 0 0 0 0 0 0 0 0 0 0 0 0 0 0 0 0 0 0 0 0 0 0 0 0 0 0 0 0 0 0 0 0 0 0 0 0 0 0 0 0 0 0 0 
0 0 0 0 0 0 0 0 0 0 0 0 0 0 0 0 0 0 0 0 0 93 0 0 0 0 0 0 0 0 0 0 0 359 636 0 0 0 0 0 0 0 0 0 0 0 0 0 0 0 0 0 0 0 0 0 0 0 0 0 0 
0 0 0 0 0 0 0 0 0 0 0 0 0 0 0 0 0 0 0 0 0 0 0 0 0 0 0 0 0 0 0 0 0 0 0 0 0 0 0 0 0 0 0 0 0 0 0 0 0 0 0 0 0 0 0 0 0 0 0 0 0 
