0 0 0 0 0 0 0 0 0 0 0 0 0 0 0 0 0 507 1019 1098 0 0 0 0 0 569 0 0 0 0 0 0 0 0 0 0 0 0 0 0 0 0 0 0 1512 203 125 62 39 87 2616 39 196 344 0 0 0 0 0 0 0 
0 0 0 0 0 0 0 0 0 0 0 0 0 0 0 0 0 0 175 17 0 0 0 0 0 155 0 0 128 0 0 0 0 0 0 0 0 0 0 0 0 0 0 0 617 64 109 53 52 40 829 30 67 0 0 0 0 0 0 0 0 
0 0 0 0 0 0 0 0 0 0 0 0 0 0 0 0 0 0 0 0 0 0 0 0 0 271 0 0 43 0 0 0 0 0 0 0 0 0 0 0 0 0 0 0 530 38 48 0 1 0 253 0 0 0 0 0 0 0 0 0 0 
0 0 0 0 0 0 0 0 0 0 0 0 0 0 0 0 0 0 0 32 0 0 0 0 0 67 0 0 16 0 0 0 0 0 0 0 0 0 0 0 0 0 0 0 824 0 27 0 0 0 730 0 0 0 0 0 0 0 0 0 0 
0 0 0 0 0 0 0 0 0 0 0 0 0 0 0 0 32 233 2965 354 0 32 0 0 16 0 16 29 158 2 0 121 0 0 0 0 0 0 30 31 3 0 10 0 0 0 0 0 0 0 0 0 0 0 0 0 0 0 0 0 0 
0 0 0 451 0 0 0 0 0 0 0 0 0 0 0 525 983 1835 4029 11362 18141 49245 2344 995 1170 942 725 308 529 0 73 30 0 0 16 15 0 0 0 138 1 0 0 0 63 0 0 0 0 0 0 0 0 0 0 0 0 0 0 0 0 
0 0 0 73 0 0 0 0 0 0 0 0 0 0 0 27 45 136 28 47 1702 2387 3414 1208 1597 2279 3476 612 196 194 397 668 0 0 191 41 0 0 0 29 23 0 64 0 195 67 80 33 0 0 183 0 0 0 0 0 0 0 0 0 0 
0 0 0 0 0 0 0 0 0 0 0 0 0 0 0 0 12 62 0 1078 288 678 1053 121 1351 2193 716 2291 6063 5568 814 1275 736 338 834 792 13 0 0 915 14 31 43 0 996 189 332 407 0 202 864 245 75 35 0 0 0 0 0 0 0 
0 0 0 0 0 0 0 0 0 0 0 0 0 0 0 0 0 0 121 0 302 1905 268 386 143 458 412 631 524 3556 1896 5636 6106 5805 6333 3175 437 107 12 118 79 45 182 1 77 2 252 329 0 141 65 80 0 0 0 0 0 0 0 0 0 
0 0 0 0 0 0 0 0 0 0 0 0 0 0 0 0 0 0 0 0 0 55 666 68 0 38 11 201 201 2076 284 205 30 389 3058 4659 4539 3448 1970 619 10 186 126 0 956 29 886 726 2 219 71 112 16 0 0 0 0 0 0 0 0 
0 0 0 0 0 0 0 0 0 0 0 0 0 0 0 0 0 0 0 0 0 0 287 0 33 0 0 3 123 697 153 9 62 49 165 324 219 179 612 2052 3864 1168 63 19 19 612 2087 414 35 336 19 29 0 0 0 0 0 0 0 0 0 
0 0 0 0 0 0 0 0 0 0 0 0 0 0 0 0 0 0 0 0 0 296 5 0 0 0 0 4 61 681 113 1 2 194 866 419 289 0 38 444 251 1367 139 55 6520 1371 3422 1489 317 1249 894 2169 0 0 0 0 0 0 0 0 0 
0 0 0 0 0 0 0 0 0 0 0 0 0 0 0 0 0 0 0 0 0 556 0 0 0 8 0 0 3 73 283 31 125 223 306 63 782 611 691 912 1257 305 61 0 583 1939 7417 10166 7082 14050 2804 1381 0 0 0 0 0 0 0 0 0 
0 0 0 0 0 0 0 0 0 0 0 0 0 0 0 0 0 0 0 0 0 0 0 0 0 0 0 0 0 0 0 0 0 0 0 1 0 0 0 6 3 68 0 0 0 206 3284 297 437 991 4304 6715 1651 309 0 0 0 0 0 0 0 
0 0 0 0 0 0 0 0 0 0 0 0 0 0 0 0 0 0 0 0 0 0 0 0 0 0 0 0 0 0 0 0 0 0 0 0 0 0 0 0 0 0 0 0 0 0 0 0 0 0 0 0 0 0 0 0 0 0 0 0 0 
0 0 0 0 0 0 0 0 0 0 0 0 0 0 0 0 0 0 0 0 0 0 0 0 0 0 0 0 0 0 0 0 0 0 0 0 0 0 0 0 0 0 0 0 0 0 0 0 0 0 0 0 0 0 0 0 0 0 0 0 0 
