0.000000
0.000000
0.000000
0.001739
0.000000
0.000000
0.000000
0.000000
0.000000
0.000000
0.000000
0.000000
0.000000
0.000000
0.000000
0.001668
0.003176
0.008216
0.024702
0.041446
0.060853
0.164939
0.024361
0.008231
0.012770
0.020681
0.015870
0.012314
0.023837
0.038634
0.011890
0.023633
0.020921
0.020735
0.034871
0.028116
0.018604
0.012874
0.009935
0.015597
0.016311
0.009393
0.002039
0.000222
0.038199
0.014791
0.053772
0.042862
0.023659
0.052815
0.042397
0.033046
0.007117
0.002761
0.000000
0.000000
0.000000
0.000000
0.000000
0.000000
0.000000
