    0     0
    0     0
    0     0
    0     0
    0     0
    0     0
    0     0
   12    26
   12    25
   14    25
   14    26
   14    26
   14    32
   12    47
   12    48
   12    48
   12    48
   27    48
   31    42
   33    43
   27    48
   14    48
   14    52
   14    52
   14    52
   14    57
    0     0
   49    57
    0     0
    0     0
    0     0
    0     0
    0     0
    0     0
    0     0
    0     0
    0     0
    0     0
    0     0
    0     0
    0     0
    0     0
    0     0
    0     0
    0     0
    0     0
