    0    -1
    0    -1
    0    -1
    0    -1
    0    -1
    0    -1
    0    -1
    0    -1
    0    -1
   16    21
   16    21
   16    22
    0    -1
    0    -1
    0    -1
   28    45
   30    36
   30    45
   30    45
   30    48
   31    45
   38    45
   40    48
    0    -1
    0    -1
    0    -1
    0    -1
    0    -1
    0    -1
    0    -1
    0    -1
    0    -1
    0    -1
    0    -1
    0    -1
    0    -1
    0    -1
    0    -1
    0    -1
    0    -1
    0    -1
    0    -1
    0    -1
    0    -1
    0    -1
    0    -1
    0    -1
    0    -1
    0    -1
    0    -1
    0    -1
