    0     0
    0     0
    0     0
    0     0
    0     0
    0     0
    0     0
    0     0
    0     0
    0     0
    0     0
    0     0
    0     0
    0     0
   27    29
    0     0
   31    36
   31    42
   31    52
   35    52
   35    52
   35    52
   35    52
   36    52
   43    52
   44    52
    0     0
    0     0
    0     0
    0     0
    0     0
    0     0
    0     0
    0     0
    0     0
    0     0
    0     0
    0     0
    0     0
    0     0
    0     0
    0     0
