    0     0
    0     0
    0     0
    0     0
    0     0
    0     0
    0     0
    0     0
   11    20
   15    20
    0     0
   15    31
   21    31
   21    31
   21    51
   21    52
   21    52
   31    52
   31    52
   32    51
   32    51
   32    52
   32    51
   32    52
   32    52
    0     0
    0     0
    0     0
    0     0
    0     0
    0     0
    0     0
    0     0
    0     0
    0     0
    0     0
    0     0
    0     0
    0     0
    0     0
    0     0
    0     0
    0     0
    0     0
    0     0
    0     0
    0     0
    0     0
    0     0
    0     0
    0     0
