    0    -1
    0    -1
    0    -1
    3     6
    0    -1
    0    -1
    0    -1
    0    -1
    0    -1
    0    -1
    0    -1
    0    -1
    0    -1
    0    -1
   26    45
   26    45
   28    45
   28    44
   28    45
   28    45
   28    45
   28    45
   27    56
    0    -1
   26    57
   47    56
   48    56
   49    57
   47    60
   26    76
    0    -1
    0    -1
    0    -1
   62    71
   62    76
   62    76
   62    76
    0    -1
    0    -1
    0    -1
    0    -1
    0    -1
    0    -1
    0    -1
    0    -1
    0    -1
    0    -1
    0    -1
    0    -1
