    0     0
    0     0
    0     0
    0     0
    0     0
    0     0
    0     0
    0     0
   15    18
    0     0
   15    24
   18    26
    0     0
    0     0
    0     0
   27    74
   29    74
   31    41
   31    42
   31    75
   31    75
   31    78
   31    78
   31    75
   43    75
   45    75
   45    75
   46    74
   46    74
   46    75
   45    75
   45    75
   46    75
   46    75
   46    75
   46    78
   47    78
   46    78
   60    78
    0     0
    0     0
    0     0
    0     0
    0     0
