    0    -1
    0    -1
    0    -1
    0    -1
    0    -1
    0    -1
    0    -1
   12    18
   12    52
   12    52
   15    52
   15    52
   15    52
   15    52
   15    53
   15    53
   15    53
   16    53
   34    51
   35    49
   36    49
   35    51
   35    52
   35    52
   35    53
   35    53
   35    55
   34    58
   35    58
    0    -1
    0    -1
    0    -1
    0    -1
    0    -1
    0    -1
    0    -1
    0    -1
    0    -1
    0    -1
    0    -1
    0    -1
    0    -1
    0    -1
    0    -1
    0    -1
    0    -1
    0    -1
    0    -1
    0    -1
