    0    -1
    0    -1
    0    -1
    0    -1
    0    -1
    0    -1
    0    -1
    0    -1
   15    41
   15    41
   15    41
   18    41
   20    40
   22    29
   22    31
   19    41
   19    57
   19    41
   20    57
   20    57
   20    57
   19    57
   20    57
   22    57
   44    57
   46    54
   46    57
   46    57
   46    57
    0    -1
    0    -1
    0    -1
    0    -1
    0    -1
    0    -1
    0    -1
    0    -1
    0    -1
    0    -1
    0    -1
    0    -1
    0    -1
    0    -1
    0    -1
    0    -1
    0    -1
    0    -1
    0    -1
    0    -1
