    0    -1
    0    -1
    0    -1
    0    -1
    0    -1
    0    -1
    0    -1
    0    -1
   13    20
   16    21
   16    21
    0    -1
    0    -1
    0    -1
    0    -1
    0    -1
    0    -1
    0    -1
    0    -1
    0    -1
   39    66
   39    66
   42    66
   43    65
   45    64
   46    62
   46    62
   46    63
   46    63
   46    64
   45    65
   45    66
   45    68
   45    69
   45    69
    0    -1
    0    -1
    0    -1
    0    -1
    0    -1
    0    -1
    0    -1
    0    -1
    0    -1
