    0     0
    0     0
    0     0
    0     0
    0     0
    0     0
    0     0
    0     0
    0     0
    0     0
    0     0
    0     0
   22    29
   22    61
   22    61
   22    61
   29    61
   30    61
   31    61
   31    61
   32    60
   35    60
   38    60
   38    60
   38    60
   40    60
   40    60
   40    60
   40    60
   40    64
   38    64
    0     0
    0     0
    0     0
    0     0
    0     0
    0     0
    0     0
    0     0
    0     0
    0     0
    0     0
