    0    -1
    0    -1
    0    -1
    0    -1
    0    -1
    0    -1
    0    -1
    0    -1
   12    17
    0    -1
    0    -1
    0    -1
   23    42
   23    42
   24    42
   28    42
   28    42
   30    40
   28    42
   34    42
   28    42
   28    45
    0    -1
    0    -1
    0    -1
   46    64
   48    64
   48    64
   48    64
   48    64
   48    64
   52    65
   48    65
    0    -1
    0    -1
    0    -1
    0    -1
    0    -1
    0    -1
    0    -1
    0    -1
    0    -1
    0    -1
    0    -1
