    0     0
    0     0
    0     0
    0     0
    0     0
    0     0
    0     0
    0     0
   13    22
   15    22
   15    22
    0     0
    0     0
    0     0
    0     0
    0     0
   29    45
   30    45
   30    45
   34    45
   35    45
   34    46
   30    68
    0     0
    0     0
   46    68
   47    68
   47    68
   47    68
   47    68
   48    68
   52    68
   52    68
    0     0
    0     0
    0     0
    0     0
    0     0
    0     0
    0     0
    0     0
    0     0
    0     0
    0     0
