    0     0
    0     0
    0     0
    0     0
    0     0
    0     0
    0     0
    0     0
    0     0
   17    21
   17    22
    0     0
    0     0
   23    31
   23    32
   26    34
    0     0
   38    64
   23    64
    0     0
   37    50
   39    47
   41    48
   41    50
   40    63
    0     0
    0     0
   50    61
    0     0
    0     0
   50    64
    0     0
    0     0
    0     0
    0     0
    0     0
    0     0
    0     0
    0     0
    0     0
    0     0
    0     0
    0     0
    0     0
    0     0
    0     0
    0     0
