    0     0
    0     0
    0     0
    0     0
    0     0
    0     0
    0     0
    0     0
    0     0
    0     0
   19    24
   19    24
   19    24
    0     0
   25    53
   27    53
   28    53
   28    53
   29    53
   29    53
   29    53
   28    53
   28    53
   28    53
   29    53
   33    54
   29    58
   29    58
    0     0
    0     0
    0     0
    0     0
    0     0
    0     0
    0     0
    0     0
    0     0
    0     0
    0     0
    0     0
    0     0
    0     0
    0     0
    0     0
    0     0
    0     0
