    0     0
    0     0
    0     0
    0     0
    0     0
    0     0
    0     0
    0     0
    0     0
    0     0
    0     0
    0     0
    0     0
   22    52
   25    52
   27    48
   28    48
   28    48
   28    48
   28    48
   28    52
   28    52
   28    52
   28    56
   28    56
   28    56
   28    56
   28    59
    0     0
    0     0
    0     0
    0     0
    0     0
    0     0
    0     0
    0     0
    0     0
    0     0
    0     0
    0     0
    0     0
    0     0
    0     0
    0     0
    0     0
    0     0
