    0     0
    0     0
    0     0
    0     0
    0     0
    0     0
    0     0
    0     0
   12    20
    0     0
    0     0
    0     0
    0     0
    0     0
    0     0
    0     0
    0     0
   31    42
   31    42
   32    42
   32    44
    0     0
    0     0
    0     0
   44    52
   44    52
   44    54
    0     0
   53    75
   54    72
   55    72
   55    72
   55    72
   55    72
   55    72
   55    75
    0     0
    0     0
    0     0
    0     0
    0     0
    0     0
    0     0
